40038 -0.015403 0.116783 -2.09821 5.87553e-06 1.67416e-05 3.33088e-05 -6.25381e-06 -1.92568e-05 8.46276e-06
40080 -0.0736623 -0.0648416 0.0228509 1.27031e-05 2.02158e-05 1.43821e-05 1.49538e-05 1.52278e-05 1.19201e-05
40287 -0.00590092 0.14026 2.24272 3.42048e-06 2.36798e-05 6.86158e-05 -6.23504e-06 -3.69161e-05 9.98406e-06
40352 0.0707442 0.10274 4.4525 2.58527e-05 3.26755e-05 0.000481457 2.2911e-05 -0.000113063 -9.7455e-05
40301 -0.0761842 0.222604 -3.84958 1.48795e-05 5.01569e-05 2.69518e-05 -2.50586e-05 -3.40266e-05 1.76428e-05
40383 0.0711263 0.206107 1.33454 8.38128e-06 3.19098e-05 0.000144228 9.26231e-06 6.00032e-05 2.07835e-05
40760 0.0360863 0.133316 -1.23256 5.47807e-06 2.32752e-05 2.34253e-05 7.15198e-06 1.94547e-05 6.7068e-06
40795 -0.0348038 0.0619161 -4.66366 1.83879e-05 5.69376e-06 2.93343e-05 -8.01723e-06 9.78461e-06 -2.03043e-05
40718 0.0589626 -0.00200918 -2.6134 4.69181e-05 3.24505e-05 0.00162557 -3.60968e-05 0.000221024 -0.000268883
40863 0.0549648 0.0822205 -0.0246303 6.91399e-06 7.1018e-06 7.27287e-06 2.09503e-06 -2.66819e-06 -3.43232e-06
40826 0.0117689 0.0439424 -5.84806 1.19239e-05 7.21249e-06 7.66385e-06 -6.76121e-06 -4.76394e-06 6.53284e-06
40883 -0.00157955 0.0601098 0.569471 8.12827e-06 1.29122e-05 2.4061e-05 -4.8872e-06 -1.16361e-05 6.3359e-06
40926 -0.00157955 0.0601098 0.569471 8.12827e-06 1.29122e-05 2.4061e-05 -4.8872e-06 -1.16361e-05 6.3359e-06
41003 -0.079505 0.00461581 -1.23792 0.000120632 6.19584e-06 4.31734e-05 1.53198e-05 -8.82738e-06 -6.39296e-05
41193 -1.3113 0.656658 -8.06864 4.46748e-05 1.25601e-05 1.56852e-05 -2.12667e-05 1.09188e-05 -2.20398e-05
41286 0.0571002 0.250491 -5.03406 2.51791e-06 2.17264e-05 4.71548e-05 2.055e-06 2.86073e-05 3.13557e-06
41292 0.122703 0.321595 2.6653 6.36972e-06 2.04678e-05 7.49363e-06 1.04767e-05 6.20364e-06 3.19918e-06
41418 0.355013 -0.154187 -2.10757 2.59436e-05 8.95671e-06 2.93052e-05 -1.449e-05 1.47651e-05 -2.5775e-05
41410 0.145821 -0.0288009 4.07201 4.99449e-05 1.46732e-05 0.00059876 -2.46256e-05 8.64969e-05 -0.000169437
41432 0.0348048 0.101671 -1.60177 1.45451e-05 4.00025e-05 0.000133679 1.7427e-05 6.63474e-05 3.45075e-05
41438 0.0348048 0.101671 -1.60177 1.45451e-05 4.00025e-05 0.000133679 1.7427e-05 6.63474e-05 3.45075e-05
41614 0.698729 0.263127 -1.9399 7.12577e-05 6.45805e-06 4.1399e-05 1.7044e-05 -1.25671e-05 -5.04995e-05
41660 0.0641642 0.418894 -0.641154 2.85349e-06 2.87921e-05 4.04568e-05 4.45418e-06 3.11252e-05 5.09537e-06
41691 0.0132179 0.0431371 -6.44259 6.74463e-06 1.0143e-05 2.87815e-05 -3.24621e-06 -1.06186e-05 7.6868e-06
41798 -0.120507 0.00758283 -7.72885 1.8089e-05 5.55224e-06 5.64739e-06 5.78956e-06 1.71126e-06 6.18996e-06
41832 0.0731475 0.0211984 -5.12386 1.24496e-05 5.53783e-06 0.000294756 -3.32361e-06 1.90982e-05 -4.89216e-05
41935 0.108611 -0.0321279 -6.0518 1.70909e-05 1.18767e-05 2.79592e-05 -7.39042e-06 1.13186e-05 -1.43034e-05
41946 -0.0351023 0.0217732 -6.80213 1.22019e-05 4.42869e-06 2.61595e-05 4.01923e-06 5.59802e-06 1.38243e-05
41980 0.0214337 0.0687594 3.24132 6.41027e-06 1.58816e-05 1.31378e-05 5.03858e-06 8.73733e-06 3.78845e-06
41992 0.0669368 0.165604 -5.4162 6.55446e-06 2.31396e-05 5.65422e-05 8.91738e-06 3.31214e-05 1.44753e-05
42085 0.00115122 0.00253989 -1.01569 4.68761e-06 1.76772e-05 3.7751e-05 2.69036e-06 1.98051e-05 3.38157e-06
42079 0.0097652 -0.12098 -2.02843 5.25691e-06 1.89494e-05 7.10822e-05 1.80613e-06 2.98173e-05 3.37415e-06
42127 0.0122003 0.0409495 4.54584 2.30254e-06 7.25056e-06 1.63193e-05 5.35517e-07 6.90099e-06 8.16024e-07
42281 0.0225576 0.0361723 -1.07871 7.74045e-06 7.15795e-06 0.000118577 -3.91321e-06 1.91676e-05 -2.11218e-05
42260 0.0295325 0.0534948 6.00709 1.72663e-05 1.02998e-05 6.89903e-05 7.98821e-06 -1.76319e-05 -2.85484e-05
42363 0.0338679 -0.236456 -0.137797 2.4805e-06 2.33283e-05 9.60948e-06 -1.75408e-06 -1.04111e-05 1.0548e-06
42495 0.137405 0.668672 4.40843 9.96602e-06 1.94352e-05 0.000177786 9.73316e-06 5.1304e-05 3.09884e-05
42464 0.0125431 0.0408662 1.68293 6.42484e-05 1.96578e-06 1.06149e-05 5.11898e-06 -1.82809e-06 -2.20987e-05
42569 0.0315501 0.0644072 0.697449 7.58941e-06 1.03824e-05 0.000144265 4.16745e-06 -2.70908e-05 -2.06441e-05
42592 0.000111332 -0.0752471 0.939963 3.27528e-06 4.35783e-05 7.36622e-05 1.80264e-06 5.33248e-05 2.64141e-06
42623 0.0151224 0.152252 -0.829183 4.82605e-06 9.12668e-06 6.85603e-05 1.21647e-06 -1.69674e-05 -4.44877e-06
42640 0.0151224 0.152252 -0.829183 4.82605e-06 9.12668e-06 6.85603e-05 1.21647e-06 -1.69674e-05 -4.44877e-06
42692 -0.0245887 0.0346715 1.6969 2.88845e-05 1.71887e-05 2.90587e-05 1.17401e-05 5.31559e-06 1.40826e-05
42648 -0.00384287 0.0382839 -2.74839 1.44306e-05 3.12037e-06 2.5366e-05 2.52408e-06 -2.81517e-06 -1.41827e-05
42756 0.0205403 0.0256391 4.22265 1.00958e-05 1.33389e-05 3.34766e-06 -8.10098e-06 -9.5003e-07 1.09607e-06
42849 -0.015423 0.0431597 -0.403787 2.69186e-05 2.16846e-06 0.000181173 -2.2727e-06 6.00074e-06 -6.38028e-05
42894 -0.00230712 0.0337107 5.36094 1.79301e-05 8.43515e-06 0.000248224 8.32825e-06 -3.37542e-05 -6.01713e-05
42938 0.0796583 -0.0141377 -3.31428 6.55213e-06 6.55057e-06 9.76161e-06 -1.20021e-06 -2.83486e-06 3.47293e-06
42943 0.0144374 0.0343915 0.202729 6.19406e-06 1.8723e-05 2.61216e-05 -7.31599e-06 1.89848e-05 -8.78211e-06
42945 0.0586082 0.0417202 3.87758 1.80194e-05 8.09549e-06 0.000202468 -4.57315e-06 1.8518e-05 -4.83475e-05
42962 -0.00883533 0.00647304 -2.057 4.36436e-06 1.30013e-05 6.78107e-06 5.33854e-06 5.90475e-06 3.08474e-06
42970 0.0173196 0.0502422 -3.85303 2.26857e-05 1.74965e-05 0.00019201 1.50544e-05 -4.83087e-05 -5.75121e-05
42987 -0.0249566 0.135575 -4.69974 5.75551e-06 1.90975e-05 6.99438e-06 -8.1812e-06 -6.62004e-06 3.23465e-06
43246 -0.00730261 0.0316019 5.47885 2.52087e-05 8.72702e-06 0.00022636 1.46988e-06 7.41857e-06 6.39816e-05
43253 0.0058679 -0.0215429 -5.08007 7.29786e-06 2.13848e-05 0.000195803 -3.62167e-06 -5.09386e-05 1.15252e-05
43293 -0.0169432 0.0532545 3.71307 9.51687e-06 4.85264e-06 5.60603e-06 -4.07929e-06 2.70166e-06 -3.81935e-06
43346 0.0110458 -0.0601932 -2.7655 7.12363e-06 2.17848e-05 0.000201348 3.61925e-07 5.5531e-05 3.38047e-06
43313 0.0224428 0.0354531 1.16136 2.01008e-05 3.97228e-06 0.000156987 -4.60524e-06 -1.33455e-05 4.98721e-05
43385 0.0977577 -0.107135 0.373005 7.56508e-06 1.87176e-05 6.10709e-05 -9.37684e-06 -2.97035e-05 1.70564e-05
43398 -0.0390743 -0.273169 -1.24475 2.65214e-06 3.45028e-05 0.000227849 4.52429e-06 8.4542e-05 1.20254e-05
43434 0.0467998 -0.0253059 0.457866 9.69482e-06 3.95488e-05 4.14529e-05 -1.78556e-05 3.75194e-05 -1.75083e-05
43412 -0.0893469 0.141955 -1.89683 9.7793e-06 8.10717e-06 5.53902e-06 -2.81939e-06 2.35343e-06 -3.6886e-06
43459 0.232655 0.0685404 -4.52211 3.43368e-05 2.81303e-06 4.57361e-05 3.47715e-06 4.2087e-06 3.64888e-05
43441 0.00485643 0.143144 -1.02567 8.21738e-06 4.40572e-05 0.000701498 -6.04616e-06 0.000161906 -2.83333e-05
43656 -0.0621387 -0.192145 0.152571 1.01924e-05 8.57399e-05 8.1068e-05 2.63215e-05 -7.9795e-05 -2.49879e-05
43602 0.334683 -0.146145 -0.992974 7.21723e-05 2.95777e-05 0.000442501 -4.5021e-05 -0.000111426 0.00017676
43661 0.0123258 0.0954238 3.37828 3.38065e-06 1.95013e-05 5.01029e-05 1.17948e-06 -2.58099e-05 -1.30298e-06
43693 0.0490813 0.048933 -2.90789 1.95818e-05 1.71718e-06 1.13521e-05 3.3123e-06 -1.81854e-06 -1.08878e-05
43710 0.0129823 0.0162454 2.91207 6.70773e-06 1.16788e-05 7.80272e-06 -1.62312e-06 -4.96613e-06 -4.33648e-08
43803 0.152463 -0.248273 -1.04333 1.84952e-05 6.11593e-05 2.38553e-06 -3.10598e-05 -9.45503e-06 4.88736e-06
43857 0.074961 0.104594 2.35714 8.95718e-06 1.82341e-05 0.000286784 5.9036e-06 -5.54267e-05 -3.07251e-05
43894 -0.0274988 0.149732 0.959393 8.25562e-06 2.0752e-05 1.2167e-05 -8.9768e-06 1.27255e-05 -6.54584e-06
43895 0.0105149 0.0417366 -0.996038 2.98518e-06 1.6312e-05 0.000210253 -1.1171e-06 -5.17621e-05 4.14601e-06
43915 0.0105149 0.0417366 -0.996038 2.98518e-06 1.6312e-05 0.000210253 -1.1171e-06 -5.17621e-05 4.14601e-06
43991 0.0839591 0.198462 -2.36988 1.72712e-05 7.28908e-05 8.83964e-05 3.37248e-05 -7.81317e-05 -3.68151e-05
44011 -0.142012 -0.0371908 -1.7147 1.47278e-05 6.3079e-06 3.99273e-05 4.64921e-06 7.97982e-06 1.83558e-05
44030 0.260464 0.0614428 -0.757249 1.44581e-05 4.01142e-06 7.00873e-06 -1.33554e-06 -1.02413e-06 5.13676e-06
44061 0.00747616 0.0137479 2.26931 3.05722e-06 2.56841e-05 1.67779e-05 3.13369e-06 -1.74589e-05 -2.34344e-06
44044 -0.00701645 0.0508827 -2.7039 2.10545e-05 6.04268e-06 1.66818e-05 -7.76773e-06 -4.78983e-06 1.19868e-05
44172 0.0154008 0.0447917 -0.995343 3.48456e-06 2.59144e-05 0.00063246 5.07792e-06 0.000120299 2.71466e-05
44426 0.0169128 -0.0481621 2.75797 1.39063e-06 1.84953e-05 4.55073e-06 -1.39834e-06 -4.24674e-06 2.88758e-07
44438 0.0404969 -0.0284132 -5.21033 4.81194e-06 8.53182e-06 8.18658e-06 -1.65601e-06 -1.76684e-06 2.58372e-07
44540 0.0404969 -0.0284132 -5.21033 4.81194e-06 8.53182e-06 8.18658e-06 -1.65601e-06 -1.76684e-06 2.58372e-07
44604 0.00538096 0.0427698 -9.15527 6.20122e-06 7.44982e-06 4.73298e-05 1.48441e-06 -8.60063e-06 -3.18691e-06
44618 0.146486 -0.0239914 -1.33106 4.05907e-05 1.14121e-05 1.59353e-05 -1.92506e-05 9.29808e-06 -1.88345e-05
44792 0.0932397 -0.167976 -6.07026 4.83083e-06 1.61383e-05 7.42602e-05 -3.25341e-06 2.88107e-05 -8.24428e-06
44726 0.0130843 0.0500874 -4.32658 1.76843e-05 6.55832e-06 8.73264e-05 4.05797e-06 -1.12667e-05 -3.10105e-05
44878 0.0444108 0.0301635 -4.3981 6.6954e-06 5.27411e-06 3.60298e-06 4.07896e-06 1.12707e-06 1.82732e-06
44950 0.0101974 0.0331996 -3.41498 8.62086e-06 1.79435e-05 2.51699e-05 8.28467e-06 1.59236e-05 9.2382e-06
45015 0.00865099 0.109893 -1.72886 6.66838e-06 1.87264e-05 4.57179e-05 2.04113e-06 2.13225e-05 2.6266e-06
45022 0.00865099 0.109893 -1.72886 6.66838e-06 1.87264e-05 4.57179e-05 2.04113e-06 2.13225e-05 2.6266e-06
45108 0.0105975 0.0183673 -3.16279 4.29007e-06 1.75215e-05 7.09489e-06 -5.92952e-07 -2.71802e-07 -6.01645e-07
45103 0.00485354 0.0317414 5.45979 3.81364e-05 4.75414e-05 0.00122201 4.04111e-05 0.000235946 0.000210225
45193 -0.0974354 0.0528956 0.713287 1.81438e-05 2.78515e-06 1.91332e-05 -2.64689e-06 2.47811e-06 -1.58523e-05
45273 0.0472833 0.274822 -5.36594 2.10498e-06 1.78542e-05 0.000211589 1.68314e-06 -5.7384e-05 -5.90075e-06
45209 0.0472833 0.274822 -5.36594 2.10498e-06 1.78542e-05 0.000211589 1.68314e-06 -5.7384e-05 -5.90075e-06
45275 0.00741571 0.0259426 8.61307 6.26633e-06 2.44167e-05 0.000432001 -6.03874e-07 -9.26759e-05 5.31774e-06
45590 0.00647293 0.0238486 -3.1036 6.27522e-06 1.30127e-05 8.36665e-06 9.47428e-07 -5.80045e-07 -1.43317e-06
45657 0.063653 -0.0468238 0.874226 7.52724e-06 9.48255e-06 2.60402e-05 -5.62492e-06 -1.19358e-05 9.3801e-06
45664 0.0844221 0.303105 0.774665 5.17677e-06 9.45073e-06 5.6585e-05 3.27815e-06 1.65316e-05 8.59393e-06
46111 0.400861 0.357453 1.71575 4.32672e-05 3.70264e-05 0.00142641 3.87326e-05 0.000225405 0.000244052
46222 -0.0446925 0.0741997 2.43136 1.6225e-05 8.40534e-06 2.95785e-06 -9.58489e-06 8.47648e-07 -1.16037e-06
46315 0.0264975 0.025091 -1.12869 1.7784e-05 1.96545e-05 4.35488e-05 -1.69903e-05 -2.68151e-05 2.54399e-05
46476 0.018962 0.172986 1.16562 2.35178e-06 2.33163e-05 8.02939e-06 3.39956e-06 6.76303e-06 9.2456e-07
46472 -0.321799 0.213239 -1.30402 4.15007e-05 1.13216e-05 1.89945e-05 -2.07946e-05 1.3619e-05 -2.67238e-05
46592 0.0389796 0.021115 -1.84088 1.28451e-05 3.45041e-06 2.9446e-05 -2.35335e-06 4.42707e-06 -1.35149e-05
46517 0.0282114 0.0556759 -1.07149 1.07268e-05 9.72571e-06 0.000195034 7.64821e-06 -3.61788e-05 -3.81978e-05
46697 0.0965568 0.0697799 3.09081 1.73342e-05 8.15473e-06 0.00018979 3.89694e-06 -1.77361e-05 -4.64105e-05
46663 -0.00514301 0.0221021 4.35187 8.81051e-06 6.51948e-06 4.92355e-06 2.41131e-06 1.7288e-06 2.88473e-06
46711 -0.12015 0.00572878 -0.879449 3.35838e-05 4.09268e-06 4.15666e-05 8.71033e-06 -9.36582e-06 -3.43431e-05
46735 -0.00759404 0.0640711 -3.35573 2.0316e-05 2.08444e-05 0.000463456 -1.89385e-05 -9.37072e-05 9.24823e-05
46759 -0.0786412 0.100074 1.65738 5.52265e-05 5.94902e-05 0.000143009 -5.14712e-05 -8.18232e-05 7.89048e-05
46895 -0.0206154 0.136227 1.34129 3.8485e-06 1.88744e-05 2.0452e-05 -6.82823e-06 -1.75185e-05 6.7001e-06
46964 -0.0206154 0.136227 1.34129 3.8485e-06 1.88744e-05 2.0452e-05 -6.82823e-06 -1.75185e-05 6.7001e-06
46926 0.0229858 0.0567848 -0.263287 2.05237e-05 1.61551e-05 3.82133e-05 1.4677e-05 -2.06951e-05 -2.4016e-05
47021 -0.00316849 0.0409693 -2.07571 3.4617e-05 5.15321e-06 0.000188608 -7.25716e-06 1.65329e-05 -7.42291e-05
47291 -0.00316849 0.0409693 -2.07571 3.4617e-05 5.15321e-06 0.000188608 -7.25716e-06 1.65329e-05 -7.42291e-05
47229 0.0174506 0.0138663 -4.13396 5.34454e-06 1.33986e-05 5.9053e-06 -4.59678e-06 -4.47967e-06 2.52451e-06
47293 -0.00220447 0.0400921 -2.3985 1.61129e-05 3.88643e-06 4.22502e-06 -2.00252e-06 4.77799e-07 -4.66983e-06
47384 0.0308305 0.031924 -1.33036 4.23751e-05 1.13909e-05 4.41666e-05 -1.96768e-05 1.95392e-05 -4.02996e-05
47455 0.0703358 -0.048728 3.94338 8.57367e-06 1.26533e-05 5.71108e-06 -8.81439e-06 4.80871e-06 -3.5941e-06
47535 -0.00158569 -0.0293867 -2.57187 3.56445e-06 2.27146e-05 8.88083e-06 3.90923e-06 9.89684e-06 1.96986e-06
47505 0.0036328 0.0297408 3.45034 7.18673e-06 1.28182e-05 6.12939e-06 6.95026e-06 5.59422e-06 3.51169e-06
47548 0.0644797 0.059643 -2.13307 2.32215e-05 4.54324e-06 6.58045e-06 2.80034e-06 5.70759e-07 7.33825e-06
47574 -0.283781 -0.305793 7.01484 8.60513e-06 1.41268e-05 0.000167227 9.96798e-06 -4.53284e-05 -3.4759e-05
47595 0.121745 -0.0204228 -7.16032 2.31095e-05 1.08602e-05 5.56075e-05 -1.3699e-05 -2.10465e-05 3.24541e-05
47791 0.197556 0.0714559 -0.408906 1.58402e-05 1.95935e-06 0.000139274 1.25777e-06 4.04118e-06 4.19188e-05
47919 0.0309046 0.0257578 -0.834978 2.13759e-05 9.17719e-06 1.68459e-05 -6.52848e-06 1.49577e-06 -5.30062e-06
47925 0.0178073 0.151642 -5.56125 1.82728e-06 2.35306e-05 9.22711e-06 1.60054e-06 1.26711e-05 7.93675e-07
48040 -0.0318376 0.00975129 6.04104 2.2716e-05 2.24129e-05 0.000548909 2.02569e-05 -0.000102666 -0.000104077
48031 -0.00681507 0.0288052 3.71957 1.6068e-05 8.98905e-06 0.000289057 4.55315e-06 2.20824e-05 5.2733e-05
48278 -0.00681507 0.0288052 3.71957 1.6068e-05 8.98905e-06 0.000289057 4.55315e-06 2.20824e-05 5.2733e-05
48227 -0.015147 0.0177464 6.25954 1.25526e-05 5.67747e-06 1.25783e-05 2.80766e-06 2.80862e-06 2.37148e-06
48349 0.00429521 0.0696752 2.90631 8.53885e-06 6.35107e-05 2.2878e-05 -1.89721e-05 3.20796e-05 -1.01083e-05
48485 -0.085692 0.278492 -0.830522 6.57984e-06 1.59546e-05 0.000167899 -7.111e-06 4.56638e-05 -2.48535e-05
48580 0.116149 0.0326436 -1.28233 1.19841e-05 6.23859e-06 4.33067e-05 -2.88704e-06 -4.95911e-06 1.619e-05
48619 -0.021804 0.0823113 0.446848 1.70822e-05 1.55226e-05 9.05461e-05 -1.06419e-05 -2.99003e-05 2.96792e-05
48604 0.0641116 0.0146938 -1.85528 9.88567e-06 4.93587e-06 2.56498e-06 -3.43254e-06 2.49048e-07 3.4553e-07
48739 -0.308971 -0.0902937 -0.310494 1.24565e-05 4.24212e-06 8.85305e-06 5.75342e-06 4.48722e-06 8.65484e-06
48764 0.0233956 0.0457883 -1.58927 1.07968e-05 3.76672e-06 3.05751e-05 8.15334e-07 -1.82432e-06 -1.26962e-05
48770 0.00722534 0.0338945 0.101005 4.6802e-06 1.90549e-05 0.000100901 4.65672e-06 3.80928e-05 1.16817e-05
48783 0.00722534 0.0338945 0.101005 4.6802e-06 1.90549e-05 0.000100901 4.65672e-06 3.80928e-05 1.16817e-05
48786 0.022259 0.0966645 -1.1866 1.01111e-05 2.72388e-05 0.000116043 1.43175e-05 5.09447e-05 2.82576e-05
48815 -0.11654 -0.0123918 -6.00862 2.94656e-05 1.30297e-05 1.34339e-05 1.28229e-05 -6.36303e-06 -1.0999e-05
49084 0.0264266 -0.0917894 1.34964 7.48499e-06 1.19904e-05 0.000107388 -1.15448e-06 -2.29439e-05 5.13248e-08
49076 0.0602393 0.180775 2.44419 7.40637e-06 2.00893e-05 7.91513e-06 8.70569e-06 -1.0074e-05 -5.04774e-06
49123 -0.239899 -0.0326864 3.78199 1.66953e-05 3.64654e-06 5.9938e-06 2.86992e-06 -1.03706e-06 -6.78114e-06
49107 0.00237868 0.0379798 4.48139 1.60375e-05 8.90993e-06 0.0003714 2.54543e-06 8.50467e-06 5.73865e-05
49126 0.0343512 0.142754 2.18356 4.98652e-06 2.45587e-05 1.32918e-05 -5.72189e-06 -8.79104e-06 2.0197e-06
49136 -0.0364204 0.0973852 5.03031 1.09449e-05 1.00144e-05 0.000181635 -8.23018e-06 -3.5817e-05 3.6004e-05
49143 0.0475527 0.0276702 -6.37172 1.34751e-05 2.8784e-06 1.89904e-05 -4.13507e-06 -4.45476e-06 1.25416e-05
49147 0.0349246 0.00413864 -4.4538 3.29572e-06 1.0596e-05 3.35128e-06 -2.29073e-06 2.85511e-06 -7.75198e-07
49172 0.0328737 0.0155449 -0.389861 7.41487e-06 3.12687e-06 8.96195e-06 -1.16508e-06 5.10126e-07 -8.42901e-07
49221 -0.457774 -2.20726 9.22943 1.84515e-06 1.34747e-05 1.59288e-05 2.39989e-06 -2.67325e-06 -5.38786e-07
49265 0.080841 0.262403 2.99591 2.74142e-05 3.89451e-05 1.83105e-05 3.00805e-05 1.39719e-05 1.11471e-05
49283 0.133429 -0.0344394 -1.23813 1.47983e-05 1.21301e-05 1.13274e-05 -8.86284e-06 -5.09903e-06 6.51643e-06
49353 0.133429 -0.0344394 -1.23813 1.47983e-05 1.21301e-05 1.13274e-05 -8.86284e-06 -5.09903e-06 6.51643e-06
49491 0.0747773 -0.0312245 -6.07888 1.17531e-05 1.00841e-05 4.25344e-05 -7.34365e-06 1.56188e-05 -1.69765e-05
49441 0.0154864 0.114722 4.14561 3.49905e-06 3.73751e-05 2.37816e-05 1.5831e-06 -2.35741e-05 -1.31287e-06
49557 0.088899 0.104184 1.131 1.61582e-05 7.76059e-06 3.21916e-05 5.79386e-06 9.42001e-06 1.78053e-05
49671 0.160012 0.511459 7.54946 7.50836e-06 2.22543e-05 0.000459745 1.0545e-05 9.69411e-05 5.00787e-05
49898 -0.031513 0.0349736 -3.34229 2.49729e-05 2.30644e-06 1.09244e-05 2.73198e-06 1.71628e-06 1.4289e-05
49907 -0.126741 -0.0377558 4.86285 8.92046e-06 4.79241e-06 0.000121161 2.01768e-06 -9.91547e-06 -2.30316e-05
49938 -0.0567054 0.0199407 -0.839401 2.45852e-05 7.87717e-06 0.000155093 6.93036e-06 -2.1407e-05 -5.13267e-05
50043 -0.0558286 -0.0941455 -2.82554 9.45133e-06 2.57941e-05 5.34336e-05 1.03457e-05 -3.23227e-05 -1.58784e-05
50080 0.00338085 -0.0025935 -3.17131 2.6001e-06 1.14326e-05 1.09069e-05 3.12952e-07 8.12473e-06 7.12239e-07
50459 0.00338085 -0.0025935 -3.17131 2.6001e-06 1.14326e-05 1.09069e-05 3.12952e-07 8.12473e-06 7.12239e-07
50520 0.00286436 0.0485392 -4.81404 1.37949e-05 2.30378e-05 0.000226143 -1.29575e-05 6.57043e-05 -4.46789e-05
50501 -0.0399831 0.173222 -4.55495 5.53053e-06 2.50571e-05 9.89507e-06 -6.52132e-06 2.12035e-06 -3.97694e-07
50556 -0.0399831 0.173222 -4.55495 5.53053e-06 2.50571e-05 9.89507e-06 -6.52132e-06 2.12035e-06 -3.97694e-07
50676 -0.0317203 0.00783182 4.61132 8.38453e-06 4.08468e-06 9.25996e-06 2.38595e-06 2.55043e-06 4.80654e-06
50643 -0.0621395 0.0895052 -2.39994 5.16196e-06 7.41701e-06 1.18099e-05 -2.43671e-06 -4.15068e-06 3.71445e-06
50685 0.0374903 0.0664543 1.09922 1.47793e-05 9.95594e-06 6.21512e-06 1.1198e-05 6.63161e-06 8.22564e-06
50926 -0.129436 -0.0208854 -0.64217 1.7156e-05 6.13529e-06 9.36673e-06 6.65858e-06 2.80673e-07 5.23481e-07
50912 -0.0109272 0.0353532 1.31246 1.75232e-05 4.77991e-06 0.00011224 5.7981e-07 6.11253e-06 3.29619e-05
51014 -0.0178997 -0.0879823 1.9999 9.7697e-06 1.26004e-05 7.30053e-05 4.41623e-06 2.18028e-05 1.30617e-05
51106 -0.00668426 0.117259 -1.93099 3.97404e-06 1.61819e-05 1.96724e-05 -3.68984e-06 -1.40364e-05 3.59568e-06
51219 0.106521 0.0614792 4.12568 2.92073e-05 8.28329e-06 6.51021e-05 7.57554e-06 1.01641e-05 3.51494e-05
51209 -0.0340568 -0.189218 2.46839 2.20677e-06 1.51994e-05 6.10878e-06 1.63555e-06 -6.84557e-06 -1.02063e-06
51234 -0.21345 0.082403 -9.09067 1.57749e-05 3.9068e-06 0.000229235 -1.29499e-06 5.80813e-06 -5.09235e-05
51307 0.0797325 -0.15079 3.95298 2.44006e-06 1.38177e-05 7.25937e-06 -3.30158e-07 3.14459e-06 -7.83313e-07
51336 0.0177911 0.0430059 5.50893 6.55255e-06 1.22831e-05 1.26239e-05 -6.39322e-06 7.96317e-06 -5.65716e-06
51442 -0.0147983 0.218472 1.04588 1.88794e-06 8.30035e-06 3.58196e-06 -7.61264e-07 3.31471e-06 -4.40201e-07
51428 0.323286 1.4393 -1.83642 5.06878e-06 8.05362e-05 0.000418238 1.74637e-05 -0.000181547 -4.0098e-05
51497 0.323286 1.4393 -1.83642 5.06878e-06 8.05362e-05 0.000418238 1.74637e-05 -0.000181547 -4.0098e-05
51514 -0.0514828 -0.0152769 -2.8445 3.13953e-05 1.41079e-05 0.000369967 1.36081e-05 -5.35202e-05 -9.67307e-05
51548 -0.0152904 0.0760678 -0.529137 6.74831e-06 1.41659e-05 7.6379e-05 -8.05947e-06 2.94976e-05 -1.90616e-05
51725 -0.0858958 0.00860962 -0.127501 2.38857e-05 6.84171e-06 6.093e-05 6.38928e-06 1.00643e-05 3.04518e-05
51724 -1.29618 0.19271 -4.13895 4.68417e-05 1.38334e-06 3.20254e-05 -5.51107e-06 -4.48905e-06 3.71764e-05
51788 -0.0177751 0.0214986 -1.05141 2.19175e-05 1.20369e-05 1.10194e-05 1.23996e-05 3.39841e-06 4.50595e-06
51752 0.0403082 0.0622799 0.884236 1.07009e-05 6.80343e-06 4.25243e-05 4.90919e-06 -1.16789e-05 -1.62169e-05
51791 -0.0031151 0.0532418 0.823798 1.47005e-05 8.41061e-06 0.000101934 -6.94525e-06 -2.06738e-05 3.26802e-05
51832 -0.225234 0.16638 -3.72023 3.79498e-05 9.28186e-06 1.3207e-05 -1.5058e-05 -6.03322e-06 1.37713e-05
51969 0.0172433 0.0996178 0.67896 1.56319e-05 6.9933e-05 0.000575052 -1.85266e-05 -0.000183005 5.43584e-05
52172 0.01356 0.0966172 -4.40332 2.67307e-06 2.5237e-05 0.000158027 3.01613e-06 -5.87097e-05 -7.03187e-06
52263 0.00136054 0.0292882 -2.1199 5.3762e-06 6.45724e-06 4.85943e-06 3.665e-06 -1.61415e-06 -1.88342e-06
52571 -0.0511762 -0.0576497 -8.73236 1.65479e-05 3.39197e-05 0.000168955 2.24854e-05 7.3443e-05 5.0239e-05
52507 0.0245225 0.0809424 -2.02928 3.78209e-06 1.70907e-05 7.13955e-06 1.46232e-06 -7.97439e-06 -9.97329e-07
52588 0.133799 0.137724 1.33205 1.08749e-05 6.8106e-06 4.61402e-06 3.91543e-06 -2.12261e-06 -4.05909e-06
52590 0.00891327 0.210888 0.764152 5.43022e-06 2.20473e-05 4.71174e-05 -3.36823e-06 2.65808e-05 -4.60509e-06
52723 -0.104598 -0.30242 -2.0414 6.7123e-06 2.04273e-05 1.34598e-05 8.54914e-06 -1.18509e-05 -5.23036e-06
52703 0.0465294 -0.0692011 -2.0471 5.27543e-06 2.81473e-05 0.000113428 -4.75635e-06 5.11898e-05 -1.04204e-05
52779 -0.0777775 -0.0326873 -3.59863 1.92841e-05 1.32837e-05 4.46557e-05 1.30351e-05 2.02861e-05 2.52536e-05
52930 0.0126789 -0.0533943 4.70209 3.94378e-06 2.38755e-05 4.09058e-05 7.06e-07 -2.54337e-05 -5.86243e-07
53263 -0.0251168 0.142398 -0.607927 1.20648e-05 2.29049e-05 1.8501e-05 -1.34841e-05 1.4862e-05 -9.78727e-06
53382 0.0341035 0.112365 1.14046 1.28192e-05 7.51316e-05 0.000152122 2.76478e-05 0.000103948 3.93312e-05
53498 0.155576 0.0449289 -1.04572 2.69382e-05 1.95734e-06 3.17148e-06 -5.43999e-07 1.48115e-08 -5.75837e-06
53640 -0.0676898 0.0220959 -5.56301 5.94746e-05 7.56022e-06 1.11145e-05 1.15755e-05 4.33251e-06 1.99842e-05
53612 -0.115746 0.0812951 -4.97398 3.91193e-05 5.80327e-06 5.68389e-06 1.89117e-06 -5.99721e-07 -5.10022e-06
53683 0.0367967 0.0722266 -6.03954 8.74794e-06 6.75103e-06 5.86519e-06 2.7935e-06 -1.70563e-06 -3.34359e-06
53776 -0.029005 0.0491302 3.72379 7.30486e-05 4.55769e-06 5.26116e-05 -1.07867e-05 7.88513e-06 -5.17885e-05
53899 -0.0774905 0.0545699 -1.4145 2.45492e-05 3.46349e-06 0.00014941 -1.20091e-06 3.44112e-06 -5.50295e-05
53949 0.0461413 0.0479249 -2.19253 2.77435e-05 7.96878e-06 2.80538e-05 -3.531e-06 3.70634e-06 -2.1252e-05
53936 0.00400832 0.041584 0.0939902 8.60904e-06 4.17643e-06 7.18398e-05 1.37013e-06 -5.32914e-06 -1.71307e-05
54031 0.0479407 0.0677457 1.50888 1.53316e-05 1.30907e-05 0.00013332 7.21557e-06 -2.76318e-05 -3.25346e-05
54064 0.155125 0.772218 -5.89128 1.49628e-06 1.68214e-05 7.35462e-06 2.36905e-06 3.5448e-06 5.18876e-07
54113 -0.146998 0.0257115 -6.90512 1.48603e-05 2.4598e-06 6.66787e-05 1.62622e-06 -3.34361e-06 -2.73993e-05
54158 -0.243335 0.284061 -0.347636 3.39038e-05 3.67173e-05 2.45381e-05 -3.34107e-05 -2.74159e-05 2.63153e-05
54285 -0.0591441 0.0522958 -3.25402 1.86912e-05 4.14136e-06 4.02507e-05 2.79642e-07 5.13178e-07 2.13385e-05
54357 -0.0591441 0.0522958 -3.25402 1.86912e-05 4.14136e-06 4.02507e-05 2.79642e-07 5.13178e-07 2.13385e-05
54411 0.00506182 0.0295733 -0.967654 5.37633e-06 1.13919e-05 4.96516e-05 2.01718e-06 1.63617e-05 5.91255e-06
54443 0.00750601 0.0455765 6.74905 2.52924e-05 1.02126e-05 0.000259891 -7.32756e-07 3.86105e-06 -6.17792e-05
54578 0.131948 0.089897 -2.19701 5.27928e-05 8.04196e-06 3.89068e-05 1.85428e-05 1.55889e-05 4.29887e-05
54652 -0.00745863 0.0579631 4.14923 2.00929e-05 7.57943e-06 1.35109e-05 -9.21637e-06 -6.73012e-06 1.22968e-05
54782 0.0253367 0.0357569 -6.77274 1.42426e-05 6.31071e-06 1.22359e-05 -3.74877e-06 2.73857e-06 -8.02085e-06
54729 0.00918774 0.0407883 0.259309 2.59052e-05 4.1895e-06 1.92341e-05 5.54078e-06 4.39846e-06 1.87194e-05
54802 0.0155971 0.0323597 2.13367 4.74061e-06 2.67681e-05 0.000150342 -6.87229e-06 -5.82606e-05 1.71521e-05
54830 0.0499077 0.0922042 4.36877 1.60726e-05 6.17837e-05 5.79703e-05 2.56734e-05 -5.38467e-05 -2.39164e-05
55253 -0.0554856 0.0524803 3.86135 7.55829e-05 8.37718e-06 0.000127931 2.54077e-06 3.41837e-06 9.09116e-05
55356 0.0177515 0.0630666 2.4176 7.64327e-06 3.18742e-05 8.37855e-05 5.24641e-06 -4.53888e-05 -9.72849e-06
55521 0.233145 -0.508879 -0.262005 6.66902e-06 2.48367e-05 0.000430538 -1.0574e-05 9.87814e-05 -4.55228e-05
55700 -0.0278841 0.13662 -3.59637 8.73928e-06 2.27424e-05 0.00011724 -4.95465e-06 4.27039e-05 -1.50425e-05
55694 -0.174953 0.556381 -2.96944 7.92332e-06 4.74282e-05 0.000209925 -1.64674e-05 -9.67757e-05 3.49862e-05
55720 -0.174953 0.556381 -2.96944 7.92332e-06 4.74282e-05 0.000209925 -1.64674e-05 -9.67757e-05 3.49862e-05
55740 -0.0437068 0.104531 0.660083 1.75465e-05 2.32126e-05 8.88453e-05 -1.59896e-05 3.78231e-05 -3.19984e-05
55857 0.00948597 0.0423532 4.59433 3.36489e-05 7.96687e-06 0.000497452 1.46571e-05 5.68586e-05 0.000125245
55955 0.00948597 0.0423532 4.59433 3.36489e-05 7.96687e-06 0.000497452 1.46571e-05 5.68586e-05 0.000125245
56115 -0.0446807 -0.0200625 -3.15626 1.08812e-05 6.63816e-06 1.11104e-05 5.85621e-06 3.26598e-06 3.31136e-06
56155 -0.0680626 -0.0725429 -1.3742 1.43875e-05 2.67999e-05 0.000111788 1.32368e-05 -4.68634e-05 -3.06692e-05
56163 -0.0680626 -0.0725429 -1.3742 1.43875e-05 2.67999e-05 0.000111788 1.32368e-05 -4.68634e-05 -3.06692e-05
56205 0.00150272 0.0628919 -5.51303 8.71359e-06 8.85344e-06 7.62049e-05 -2.33621e-06 -1.46073e-05 9.89035e-06
56206 -0.051742 0.0486843 0.683212 4.7691e-05 3.15589e-06 0.000100342 -6.2711e-06 -9.19075e-06 6.57399e-05
56269 -0.0523303 -0.100513 2.78437 1.12211e-05 2.85604e-05 0.000203109 1.19732e-05 6.95048e-05 3.69081e-05
56362 -0.260417 0.27743 9.6024 1.68309e-05 7.41418e-06 0.000131844 -7.5186e-06 2.24799e-05 -4.09022e-05
56327 -0.260417 0.27743 9.6024 1.68309e-05 7.41418e-06 0.000131844 -7.5186e-06 2.24799e-05 -4.09022e-05
56458 0.0217213 0.0399912 2.67955 1.09547e-05 6.00837e-06 6.31965e-06 5.24883e-08 1.67753e-06 -1.37435e-06
56440 -0.0505993 -0.165998 -3.54805 6.56503e-06 3.25658e-05 8.93898e-05 8.79514e-06 4.94426e-05 1.54227e-05
56551 0.07513 -0.0180453 -0.945017 1.46406e-05 1.73088e-05 7.70453e-05 -1.178e-05 -3.12998e-05 2.83883e-05
56540 0.00565867 0.0388434 -0.504151 1.30854e-05 2.70664e-05 1.60181e-05 1.76707e-05 1.82279e-05 1.24477e-05
56594 0.0116393 0.0471809 -1.42803 5.53695e-06 2.01877e-05 5.1983e-05 -1.89883e-06 -2.65871e-05 3.73981e-06
56602 0.00918246 0.0396355 -4.69105 8.34153e-06 8.46449e-06 1.05429e-05 2.62728e-06 -4.23641e-06 -4.69218e-06
56719 0.0553857 -0.000121451 -3.69848 1.53462e-05 9.14012e-06 1.18674e-05 -9.28737e-06 -7.54635e-06 1.02122e-05
56858 0.0337615 0.0471256 -1.92683 1.65132e-05 1.87647e-05 0.00019891 -1.34412e-05 -5.16325e-05 4.84253e-05
56995 0.00616009 0.0382017 -4.45917 4.49547e-06 8.28374e-06 5.93954e-06 2.38572e-06 1.07112e-06 9.64333e-07
57192 -0.0193747 0.0259888 0.562423 9.64294e-06 7.1457e-06 1.38978e-05 5.70835e-06 -6.10862e-06 -7.42531e-06
57138 -0.0925527 -0.00906616 -0.108087 4.34286e-05 1.0038e-05 3.74557e-05 1.96857e-05 -1.78575e-05 -3.85386e-05
57436 -0.378205 -0.023252 -3.07814 4.29827e-05 2.40918e-06 4.9454e-05 7.33874e-06 -7.87324e-06 -4.44968e-05
57428 0.00644384 0.0439416 0.0236914 2.97875e-05 5.446e-06 6.89578e-06 -1.04524e-05 -4.29887e-06 1.16813e-05
57447 -0.0605169 -0.0981052 1.88641 8.18987e-06 2.36053e-05 0.00058597 1.07519e-05 -0.000110898 -5.7292e-05
57469 0.16959 0.289306 -0.164914 2.57634e-05 6.31989e-05 5.33127e-05 3.92545e-05 5.61855e-05 3.54225e-05
57571 -0.224167 0.172163 -11.3042 1.66467e-05 6.30512e-06 7.63714e-05 -7.92931e-06 -1.7024e-05 3.16731e-05
57600 -0.224167 0.172163 -11.3042 1.66467e-05 6.30512e-06 7.63714e-05 -7.92931e-06 -1.7024e-05 3.16731e-05
57626 0.0137229 0.00228519 -4.61222 2.8715e-06 2.73836e-05 0.00024087 7.5936e-07 -7.48243e-05 -1.91242e-06
57652 0.0137229 0.00228519 -4.61222 2.8715e-06 2.73836e-05 0.00024087 7.5936e-07 -7.48243e-05 -1.91242e-06
57777 -0.0923004 -0.0818115 7.03126 2.39896e-05 3.47122e-05 8.36257e-06 2.81247e-05 1.12484e-05 9.35508e-06
57829 0.114553 -0.0811056 0.979678 6.48257e-06 1.2653e-05 1.88089e-05 -4.0628e-06 1.02554e-05 -5.53413e-06
57806 0.0174623 0.0425351 2.38103 4.79752e-06 1.19847e-05 1.52626e-05 -1.43905e-06 9.33092e-06 -1.59957e-06
57839 0.0112691 0.0437387 -0.635189 2.85771e-05 2.43207e-05 9.80604e-06 -5.11974e-06 1.30273e-06 -6.15625e-06
57842 -0.025967 0.0426624 0.37968 3.14822e-05 1.8605e-05 8.58607e-06 1.83503e-05 8.13435e-06 1.1704e-05
57843 -0.025967 0.0426624 0.37968 3.14822e-05 1.8605e-05 8.58607e-06 1.83503e-05 8.13435e-06 1.1704e-05
57847 0.243358 0.304152 -0.0361559 5.92001e-06 1.81694e-05 1.49063e-05 5.27711e-06 -1.18274e-05 -4.67081e-06
58045 0.038462 0.15417 -4.44664 8.68562e-06 5.388e-05 0.000121208 1.70974e-05 7.7535e-05 2.5881e-05
58172 -0.0267296 0.0553339 -2.66443 1.87695e-05 4.30271e-06 8.13008e-05 -6.61915e-06 1.39239e-05 -3.52365e-05
58270 0.00231017 0.0448256 -4.15167 1.39327e-05 6.26066e-06 0.0001053 -2.46625e-06 9.94997e-06 -2.69651e-05
58229 0.273317 0.564497 0.0304838 6.1424e-06 1.67175e-05 1.48465e-05 7.55239e-06 -1.28649e-05 -6.77064e-06
58289 -0.0082708 0.00659498 -2.41619 7.78011e-06 4.99176e-05 0.000385803 3.8867e-06 0.000124047 1.07632e-05
58302 -0.201477 0.507034 -5.10207 9.42625e-06 3.53255e-05 3.3842e-06 -1.63806e-05 9.54218e-06 -4.54996e-06
58651 -0.0862976 0.0102634 -2.51286 9.44582e-06 2.80332e-06 2.16489e-06 2.08057e-06 -8.97334e-07 -2.30974e-06
58618 -0.58697 -0.437749 0.413043 2.75766e-05 1.9339e-05 4.85807e-06 2.03192e-05 7.87306e-06 9.53156e-06
58769 0.00263935 0.0645194 -3.62156 3.57984e-06 7.70899e-06 4.76761e-06 -1.03281e-06 -1.16678e-06 7.71391e-07
58875 0.0159847 0.0426378 -1.92819 2.04206e-05 6.35457e-06 1.29862e-05 -1.47537e-06 -2.32662e-06 4.89451e-06
58837 0.0162263 0.0473566 4.2451 1.00589e-05 8.30984e-06 0.000177782 5.76908e-06 -2.88173e-05 -3.35354e-05
58928 -0.177706 0.0671058 5.89765 2.4294e-05 1.74326e-06 5.87139e-05 -2.24759e-06 -3.5394e-06 3.43802e-05
58907 -0.177706 0.0671058 5.89765 2.4294e-05 1.74326e-06 5.87139e-05 -2.24759e-06 -3.5394e-06 3.43802e-05
58930 0.0163782 0.0233041 1.03047 1.20215e-05 2.33675e-05 3.62177e-05 -1.24503e-05 -2.33585e-05 1.4315e-05
59151 0.0364534 -0.0131532 2.71697 7.75628e-06 1.03117e-05 5.59295e-05 -3.68741e-06 1.67033e-05 -1.21656e-05
59178 -0.193326 0.379604 2.57673 4.31086e-06 1.75487e-05 1.00327e-05 -6.67087e-06 -7.81738e-06 3.49826e-06
59278 -0.0157721 0.0323528 1.47974 2.12829e-05 8.10574e-06 1.9434e-05 6.5914e-06 5.86731e-06 1.5834e-05
59412 0.0966454 -0.0300088 0.886659 1.4614e-05 8.9429e-06 0.000158343 -6.77691e-06 -2.65198e-05 3.76055e-05
59406 0.0155994 0.0434458 0.225347 1.27682e-05 8.26224e-06 0.000148659 4.99421e-06 2.26979e-05 3.13235e-05
59449 0.0155994 0.0434458 0.225347 1.27682e-05 8.26224e-06 0.000148659 4.99421e-06 2.26979e-05 3.13235e-05
59484 -0.0176829 -0.00149977 1.26465 8.15484e-06 1.5848e-05 4.84159e-05 8.50623e-06 2.42956e-05 1.56836e-05
59517 -0.10745 -0.0221869 -0.182766 1.28461e-05 5.11709e-06 2.65935e-05 4.24289e-06 6.48676e-06 1.42871e-05
59636 -0.0375586 0.0801643 -3.76943 5.6787e-06 5.29375e-06 6.84838e-06 -1.83038e-06 -2.80411e-06 2.88611e-06
59671 0.0746967 0.056505 4.26507 1.59676e-05 3.18197e-06 1.33619e-05 2.43796e-07 -2.45534e-07 -1.03556e-05
59767 0.103483 0.0580947 -5.56163 1.43184e-05 4.82137e-06 9.16974e-06 2.51441e-07 -3.03718e-07 -7.30799e-06
59864 -0.0659002 0.0871567 2.86625 4.91019e-05 2.2514e-05 4.32351e-05 -3.18276e-05 -2.78115e-05 4.17352e-05
59982 0.0334707 0.0549665 0.409029 2.70665e-05 7.9817e-06 1.96732e-05 1.15153e-05 -7.5856e-06 -1.58544e-05
