20001 0.0698181 -0.080621 0.138923 1.25878e-05 2.53043e-05 0.000260656 -1.28964e-05 7.3813e-05 -4.39155e-05
20128 -0.00666168 0.0535263 -2.19964 1.55862e-05 1.07378e-05 8.48295e-06 -1.02456e-05 -8.56103e-07 1.18051e-06
20278 0.294589 0.16491 3.75987 3.39215e-05 8.87429e-06 5.05787e-05 1.44268e-05 1.68342e-05 3.68339e-05
20414 0.0162133 0.0892379 2.50827 3.90276e-06 9.43508e-06 3.14579e-05 -5.94014e-07 1.12501e-05 -6.90058e-07
20404 -0.156909 0.484163 -0.375802 4.94858e-06 3.03468e-05 2.82662e-05 -5.03851e-06 -2.64069e-05 5.49565e-06
20432 -0.0218478 0.0660026 -4.51607 1.31601e-05 5.75498e-06 6.4132e-05 -5.30225e-06 1.29402e-05 -2.34495e-05
20529 -0.0620342 0.296412 -0.345901 4.87466e-06 2.65687e-05 6.91961e-05 -7.90956e-06 -3.99652e-05 1.30883e-05
20697 -0.0620342 0.296412 -0.345901 4.87466e-06 2.65687e-05 6.91961e-05 -7.90956e-06 -3.99652e-05 1.30883e-05
20748 -0.000642636 0.090922 -0.808714 7.10702e-06 1.84554e-05 0.00015415 -6.4454e-06 -4.66148e-05 1.81915e-05
20793 -0.101558 0.0246837 -1.8947 2.86868e-05 6.32094e-06 1.57012e-05 -7.08374e-06 2.60815e-06 -1.19112e-05
20851 0.00446948 -0.0113634 1.09312 3.10579e-06 4.40215e-05 0.000255499 7.85766e-06 -0.000103442 -1.87373e-05
20955 0.0435581 0.183945 -2.08797 4.52655e-06 3.35571e-05 5.12845e-05 4.36006e-06 -3.73718e-05 -5.37939e-06
21018 -0.00270812 0.00522778 1.30827 1.52788e-05 1.44823e-05 1.23066e-05 9.32869e-06 9.14631e-06 8.56782e-06
21180 0.0162758 0.0197193 -1.76715 4.82756e-06 3.80355e-05 1.24885e-05 -8.02842e-06 1.29138e-05 -3.13303e-06
21246 -0.0121074 0.0540036 0.655666 9.14971e-06 6.63404e-06 7.80049e-06 -1.36476e-06 -3.10623e-07 3.8988e-06
21282 -0.0121074 0.0540036 0.655666 9.14971e-06 6.63404e-06 7.80049e-06 -1.36476e-06 -3.10623e-07 3.8988e-06
21332 0.0228259 0.0546608 -1.31989 8.07324e-06 8.0036e-06 0.000129776 4.57668e-06 -2.22741e-05 -2.01591e-05
21324 0.0612642 0.0692659 3.36206 2.55237e-05 1.44813e-05 0.000539155 1.02571e-05 -5.62503e-05 -0.000104563
21352 0.0612642 0.0692659 3.36206 2.55237e-05 1.44813e-05 0.000539155 1.02571e-05 -5.62503e-05 -0.000104563
21368 0.0612642 0.0692659 3.36206 2.55237e-05 1.44813e-05 0.000539155 1.02571e-05 -5.62503e-05 -0.000104563
21447 -0.0781722 -0.0125478 -2.74207 2.25278e-05 2.7066e-05 1.65073e-05 1.65296e-05 -4.98499e-06 -6.14754e-06
21412 -0.0306721 0.205417 -5.19402 5.48959e-06 5.15963e-05 5.70585e-05 -1.43802e-05 5.18962e-05 -1.48804e-05
21453 0.0521246 -0.0577204 3.12128 1.25125e-05 2.91252e-05 0.000189946 -1.42791e-05 -6.80004e-05 3.86049e-05
21475 0.109843 -0.0236247 -4.15942 1.11203e-05 5.8108e-06 9.60889e-06 -3.43882e-06 -2.27275e-06 4.47071e-06
21603 0.109843 -0.0236247 -4.15942 1.11203e-05 5.8108e-06 9.60889e-06 -3.43882e-06 -2.27275e-06 4.47071e-06
21740 -0.00384192 0.0326025 -0.236631 2.37457e-05 1.32028e-05 8.68057e-06 1.55318e-05 -7.62497e-06 -1.06289e-05
21803 0.0571987 0.0701336 -4.32481 1.13195e-05 5.84789e-06 0.000107723 1.29785e-06 -7.68043e-06 -2.2287e-05
22011 0.0263804 0.127575 0.621182 6.26676e-06 1.84723e-05 1.28785e-05 2.40434e-06 -8.06219e-06 -2.28678e-06
22081 0.0284717 -0.0584416 -1.50562 2.45784e-06 1.12865e-05 1.18288e-05 -2.057e-06 8.77373e-06 -1.81175e-06
22096 -0.00183669 0.0298503 0.069853 1.74319e-05 2.56942e-05 0.000162779 1.15702e-05 -4.94467e-05 -3.25724e-05
22102 -0.16924 -0.0339145 -5.17613 2.80369e-05 6.45044e-06 2.06509e-05 1.07862e-05 7.70513e-06 1.8784e-05
22227 0.0650767 0.0708261 4.24379 8.41178e-05 3.50536e-05 0.000217318 4.42481e-05 6.98863e-05 0.000118884
22219 -0.0958128 0.242108 -1.14615 1.03276e-05 3.41574e-05 4.65203e-05 -1.60577e-05 3.5943e-05 -1.7959e-05
22297 0.00510329 0.0440073 -4.34248 7.37863e-06 1.31583e-05 2.38083e-05 -7.52682e-06 1.3948e-05 -9.78845e-06
22248 0.23256 0.0637678 0.0374201 2.07101e-05 2.59768e-06 3.20282e-06 1.14131e-06 -1.20994e-07 -5.42562e-06
22520 0.0100892 0.0320755 2.32764 2.33277e-06 3.86028e-05 0.000168496 -1.79939e-06 7.64699e-05 -3.89295e-06
22623 -0.0157024 0.268175 -1.85315 1.5369e-06 1.37744e-05 1.35363e-06 -1.69391e-06 -9.2135e-07 1.06016e-07
22617 -0.0386298 0.1397 -2.02106 9.79356e-06 1.55721e-05 2.00644e-05 -3.7344e-06 1.07205e-05 -4.76201e-06
22628 -0.0386298 0.1397 -2.02106 9.79356e-06 1.55721e-05 2.00644e-05 -3.7344e-06 1.07205e-05 -4.76201e-06
22874 0.0129041 0.0396436 0.296297 1.66623e-05 7.04411e-06 5.06487e-05 5.79386e-06 9.52593e-06 2.27947e-05
22841 0.0591159 0.00703651 3.85075 1.71141e-05 1.20966e-05 1.10688e-05 -1.14418e-05 -2.49511e-06 3.26787e-06
22892 0.0550083 0.0833465 -0.312594 3.95978e-05 3.72618e-05 3.32322e-05 3.50049e-05 -2.46484e-05 -2.51535e-05
22905 0.0550083 0.0833465 -0.312594 3.95978e-05 3.72618e-05 3.32322e-05 3.50049e-05 -2.46484e-05 -2.51535e-05
23024 0.0423991 -0.054002 -0.829451 4.01182e-06 1.60675e-05 1.64106e-05 -4.20492e-06 -1.26362e-05 3.93868e-06
23068 -0.0938705 0.0101309 1.54926 3.97649e-05 1.27806e-05 0.000177229 1.74152e-05 3.72535e-05 7.75701e-05
23266 0.00646774 0.0473614 2.98414 7.86723e-06 2.21112e-05 4.60275e-05 -9.99403e-06 2.79652e-05 -1.43025e-05
23347 0.0720046 -0.0939824 2.74965 5.33897e-06 1.60585e-05 0.000291694 -4.51326e-06 -6.03021e-05 2.27338e-05
23372 0.0475941 0.0259538 -2.71851 3.53454e-05 5.75858e-06 0.000420993 -1.04844e-05 -3.70192e-05 0.000115021
23459 0.0273835 0.0450966 0.127546 2.69244e-05 1.76552e-06 6.45479e-05 1.22387e-06 -1.83196e-06 -3.92239e-05
23684 -0.0128072 -0.0898188 -2.25308 3.68334e-06 2.13209e-05 7.44911e-05 2.11264e-06 3.48663e-05 3.62163e-06
23702 -0.0876521 -0.0778583 0.289542 1.64859e-05 2.2158e-05 1.29144e-05 1.47204e-05 -8.32266e-06 -6.95716e-06
23704 0.0126166 0.0712502 -2.30227 3.55639e-06 5.1271e-05 1.60325e-05 7.36265e-06 -2.62662e-05 -3.99393e-06
23738 0.0123354 0.0689253 2.76311 7.91667e-06 2.43992e-05 0.000135527 -1.23726e-06 4.50309e-05 -2.77744e-06
23771 0.011028 0.0715097 6.76035 4.09124e-06 2.07096e-05 0.000153496 -3.36048e-06 -5.1101e-05 8.83834e-06
23911 0.011028 0.0715097 6.76035 4.09124e-06 2.07096e-05 0.000153496 -3.36048e-06 -5.1101e-05 8.83834e-06
24282 0.0207094 0.038049 2.9956 1.98611e-05 5.26814e-06 1.30199e-05 -6.58495e-06 3.88384e-06 -1.03039e-05
24267 0.0207094 0.038049 2.9956 1.98611e-05 5.26814e-06 1.30199e-05 -6.58495e-06 3.88384e-06 -1.03039e-05
24297 0.0207094 0.038049 2.9956 1.98611e-05 5.26814e-06 1.30199e-05 -6.58495e-06 3.88384e-06 -1.03039e-05
24307 -0.0212739 0.0984955 9.26395 9.93913e-06 1.40161e-05 1.20741e-05 -8.42287e-06 -5.29541e-06 2.9414e-06
24518 -0.0136056 0.0325444 0.892568 1.11911e-05 8.66e-06 1.06182e-05 3.37831e-07 -7.5763e-07 -5.64368e-06
24548 -0.0136056 0.0325444 0.892568 1.11911e-05 8.66e-06 1.06182e-05 3.37831e-07 -7.5763e-07 -5.64368e-06
24638 0.0405462 0.0876844 -4.48347 2.00771e-05 3.04446e-05 0.00087559 1.71957e-05 0.000147366 0.000111024
24793 -0.0833998 0.118334 4.46889 1.68635e-05 5.92404e-06 0.000163651 -3.95121e-06 -1.59613e-05 4.25446e-05
24741 0.0345682 0.0181075 -4.11746 9.49648e-06 8.28996e-06 0.000264893 -5.5624e-06 -3.58976e-05 3.83272e-05
24797 0.0345682 0.0181075 -4.11746 9.49648e-06 8.28996e-06 0.000264893 -5.5624e-06 -3.58976e-05 3.83272e-05
24853 0.0345682 0.0181075 -4.11746 9.49648e-06 8.28996e-06 0.000264893 -5.5624e-06 -3.58976e-05 3.83272e-05
24902 0.0345682 0.0181075 -4.11746 9.49648e-06 8.28996e-06 0.000264893 -5.5624e-06 -3.58976e-05 3.83272e-05
24926 0.0277952 0.0481357 6.05851 2.70111e-05 9.64095e-06 5.52736e-06 1.12013e-05 -7.17111e-07 -8.85137e-07
24943 0.0279658 0.0141594 0.864671 1.53676e-05 6.28201e-06 2.7569e-05 -5.09388e-06 6.69678e-06 -1.5492e-05
25067 0.17754 -0.0422656 -4.5082 3.20648e-05 1.24951e-05 0.000458966 -1.8688e-05 7.08337e-05 -0.000117208
25102 0.17754 -0.0422656 -4.5082 3.20648e-05 1.24951e-05 0.000458966 -1.8688e-05 7.08337e-05 -0.000117208
25223 -0.0167869 -0.0979634 1.94309 5.50994e-06 1.58096e-05 2.95741e-05 7.26572e-06 1.7746e-05 8.78462e-06
25238 -0.0167869 -0.0979634 1.94309 5.50994e-06 1.58096e-05 2.95741e-05 7.26572e-06 1.7746e-05 8.78462e-06
25275 -0.0472319 0.0667403 -2.9439 1.02472e-05 3.95963e-06 9.79828e-06 -3.28707e-06 1.88843e-08 -3.29418e-07
25400 0.0418876 -0.0693189 -4.01842 3.10458e-06 1.61042e-05 0.000153172 -2.20146e-06 4.27874e-05 -8.28376e-06
25380 -0.141148 0.0185596 1.30047 8.14752e-05 3.87697e-06 3.58631e-05 1.34189e-05 8.66787e-06 5.13341e-05
25654 -0.193225 0.0589229 -5.95162 1.70374e-05 3.23467e-06 5.81108e-06 -5.82594e-07 2.36128e-07 -7.87595e-07
25650 0.151477 0.218947 7.33762 3.25218e-05 5.3261e-05 4.84399e-05 4.09537e-05 -4.96922e-05 -3.87046e-05
25726 0.151477 0.218947 7.33762 3.25218e-05 5.3261e-05 4.84399e-05 4.09537e-05 -4.96922e-05 -3.87046e-05
25920 0.151477 0.218947 7.33762 3.25218e-05 5.3261e-05 4.84399e-05 4.09537e-05 -4.96922e-05 -3.87046e-05
26084 0.0280965 0.1374 1.20697 4.75035e-06 2.52843e-05 0.000221458 4.50549e-06 6.86754e-05 1.45585e-05
26019 -0.0212278 -0.0158884 6.13655 6.11188e-06 1.62482e-05 5.22858e-05 5.24785e-06 2.24118e-05 9.85768e-06
26385 -0.0239088 0.0350967 -0.0114153 9.36408e-06 7.24391e-06 1.02247e-05 6.69652e-07 -4.5261e-08 4.52868e-06
26360 0.0790772 -0.057246 2.67104 4.2577e-06 1.20968e-05 6.61146e-06 -5.22989e-06 4.85092e-06 -2.86982e-06
26678 0.0790772 -0.057246 2.67104 4.2577e-06 1.20968e-05 6.61146e-06 -5.22989e-06 4.85092e-06 -2.86982e-06
26624 0.0537369 0.0192828 -5.50169 4.7936e-05 1.22199e-05 0.00061554 1.272e-05 -4.86206e-05 -0.00015441
26689 0.184151 -0.0674696 4.6478 1.69876e-05 1.02007e-05 2.16289e-05 -7.69621e-06 -8.28083e-06 1.33816e-05
26724 0.0925951 0.0513225 -3.45218 4.45289e-05 2.93698e-06 4.74208e-06 3.85764e-06 -1.02852e-06 -1.03283e-05
26795 -0.0849445 -0.00729621 3.44745 1.47936e-05 5.8018e-06 9.76687e-05 5.301e-06 1.53832e-05 3.22097e-05
26823 -0.0367129 0.119336 1.34215 6.85663e-06 1.38736e-05 7.8424e-06 -5.31177e-06 -1.20727e-07 6.8347e-07
26818 -0.132557 0.0305123 0.81135 1.19794e-05 3.36874e-06 9.47897e-06 9.14045e-08 2.18707e-07 3.00309e-07
26896 0.164673 -0.0460783 0.70496 0.000149825 5.38145e-05 1.35762e-05 -8.85704e-05 1.99585e-05 -3.39822e-05
26993 0.131959 0.0278087 -1.35468 2.66841e-05 3.6086e-06 5.25825e-05 -2.74995e-06 4.02387e-06 -3.28947e-05
27078 -0.184192 0.0487562 -0.917265 1.48208e-05 5.87573e-06 9.24608e-05 3.29176e-07 1.29287e-06 -2.74775e-05
27173 -0.125223 0.0204143 -2.10404 2.10747e-05 2.67648e-06 5.9003e-06 1.77911e-06 9.7493e-07 8.97493e-06
27195 0.0274243 0.0409892 4.88516 2.71457e-05 3.58126e-06 5.15265e-05 -1.26522e-06 1.36071e-06 -3.29671e-05
27198 -0.0136694 0.0220902 3.06577 9.79829e-06 2.21156e-05 0.000112915 1.06967e-05 4.43212e-05 2.56039e-05
27244 0.215892 -0.0608855 1.15932 1.13756e-05 5.34362e-06 7.17558e-06 -4.8133e-06 -4.59544e-07 7.18421e-07
27216 -0.0313172 0.0469502 -3.53473 1.13912e-05 7.84716e-06 2.31089e-05 -2.28407e-06 -3.42425e-06 1.07766e-05
27250 -0.266264 0.0340562 4.1668 2.13196e-05 2.18526e-06 3.58037e-05 4.40814e-07 -5.6076e-07 -2.41325e-05
27289 0.0103486 0.0440269 -2.06086 4.33713e-06 1.39949e-05 8.22054e-06 -1.5856e-06 -6.30263e-06 6.05425e-07
27347 0.0627635 -0.0233119 -2.98332 5.90003e-06 7.4616e-06 1.60766e-05 -4.58892e-06 8.06337e-06 -6.44726e-06
27320 -0.0788736 0.0917267 0.279528 1.70813e-05 9.1048e-06 0.000383493 -1.04133e-05 5.13208e-05 -7.58715e-05
27436 0.0143188 0.0442216 -0.771988 2.03194e-05 5.63257e-06 1.40642e-05 7.6167e-06 -5.72383e-06 -1.28775e-05
27468 0.00826121 0.030332 1.89627 2.34545e-06 1.84181e-05 1.54727e-06 3.00772e-06 -1.79642e-06 -2.68009e-07
27490 -0.03826 0.074075 1.81347 2.33328e-05 7.09058e-06 0.000553017 -8.60454e-06 -4.69178e-05 0.000103877
27485 0.0517291 0.0799691 -2.88175 9.65458e-06 4.8435e-06 5.75078e-06 4.99544e-06 2.12445e-06 2.9412e-06
27563 0.0810007 0.034315 2.27434 1.65603e-05 5.4083e-06 9.46098e-05 -4.61314e-06 -1.06875e-05 3.26344e-05
27675 -0.0516288 0.0469755 2.41238 1.78608e-05 3.22508e-06 8.89635e-06 -1.74385e-06 2.56286e-07 -6.59318e-06
27613 0.0684902 0.356026 -2.45046 3.5542e-06 2.47067e-05 6.21872e-05 2.0462e-06 -3.53144e-05 -2.56019e-06
27699 0.0159152 0.0548624 5.15337 3.62579e-06 3.17879e-05 1.14617e-05 3.97011e-06 -1.29677e-05 -2.14305e-06
27717 0.00256919 0.105711 1.96129 4.15002e-06 1.45335e-05 9.03102e-06 -2.69521e-06 8.18891e-07 -1.88093e-07
27769 -0.0339532 0.205382 4.75754 4.34834e-06 3.01623e-05 9.41099e-05 -4.18207e-06 -4.88756e-05 8.08169e-06
27797 0.0812656 0.0193813 2.02193 3.19241e-05 6.5558e-06 5.14143e-06 -1.21199e-05 3.8923e-06 -9.75154e-06
27818 0.0379399 -0.0223726 5.35712 8.59109e-06 3.13357e-05 1.56532e-05 -1.18995e-05 1.90692e-05 -7.9441e-06
27836 0.000289191 0.0219678 1.26718 4.39099e-06 2.48844e-05 1.85972e-05 3.95703e-06 -1.68061e-05 -3.18448e-06
27901 0.000300961 0.0656103 -2.54948 4.45486e-06 1.95134e-05 5.82654e-06 1.60896e-06 -4.93397e-06 7.62706e-07
27984 0.00696157 0.109979 5.70916 4.15451e-06 2.63222e-05 9.39645e-06 -6.79694e-06 1.20429e-05 -3.4457e-06
28068 0.00696157 0.109979 5.70916 4.15451e-06 2.63222e-05 9.39645e-06 -6.79694e-06 1.20429e-05 -3.4457e-06
28087 -0.044517 0.104951 -0.497742 5.79407e-06 1.2446e-05 3.69784e-05 -5.53555e-06 1.68e-05 -1.00109e-05
28099 0.130174 -0.138668 2.52368 7.82325e-06 1.25302e-05 8.20015e-06 -8.28784e-06 2.61441e-06 -1.96576e-06
28150 0.103895 0.398972 1.05843 6.03985e-06 2.6747e-05 1.31553e-05 8.83207e-06 1.60048e-05 5.7742e-06
28294 0.0958256 0.0702334 0.81305 2.06214e-05 5.77071e-06 0.000144135 2.43051e-06 -7.3452e-06 -4.5645e-05
28280 0.0304809 0.0422693 -5.05215 0.000142469 7.25607e-06 0.00169044 -2.45264e-05 -8.54206e-05 0.000486466
28298 0.0310637 0.0832187 -4.72775 6.72153e-06 1.77139e-05 8.08514e-06 8.30828e-07 -3.58643e-06 1.03175e-06
28442 0.0293435 -0.0391906 -5.63335 5.1855e-06 3.19704e-05 0.000260548 -4.98269e-06 -8.62888e-05 1.45739e-05
28433 -0.0788671 0.0255226 -1.39962 1.59039e-05 4.03666e-06 9.45048e-05 3.34024e-06 7.63629e-06 3.13462e-05
28524 0.00137649 0.0238796 -6.66725 1.37465e-05 1.95897e-05 0.000105924 1.38491e-05 4.13751e-05 3.30532e-05
28548 -0.405551 -0.0890267 -2.79659 1.56971e-05 3.20959e-06 2.48136e-05 1.94399e-06 -2.81823e-06 -1.58093e-05
28574 -0.0427132 0.0147931 -4.4222 1.80448e-05 1.00945e-05 3.18021e-05 7.42809e-06 -1.0205e-05 -1.77726e-05
28599 0.0843513 -0.053354 -1.37859 5.09213e-06 8.56335e-06 1.29388e-05 -4.67313e-06 -7.60615e-06 5.56856e-06
28613 0.0340995 0.033839 -1.85256 1.38781e-05 4.95241e-06 0.000143501 -5.69662e-07 -4.38772e-06 3.36951e-05
28734 0.0129082 0.0439818 2.69104 1.98443e-05 1.02749e-05 3.79568e-05 -1.05974e-05 1.43358e-05 -2.21571e-05
28729 -0.0510618 0.0931471 0.628965 1.71951e-05 1.39069e-05 2.43341e-05 -1.31461e-05 -1.53869e-05 1.73571e-05
28820 0.233265 -0.0702072 4.21826 1.28594e-05 7.87613e-06 6.18121e-06 -6.89362e-06 4.41352e-06 -6.2769e-06
28808 0.02264 0.0661585 -3.15422 4.60618e-05 5.94428e-05 0.000786096 4.79121e-05 0.000205238 0.000178624
28843 -0.0690359 -0.0202271 5.05772 1.20864e-05 7.49506e-06 7.19808e-06 6.93827e-06 4.10925e-06 5.31275e-06
29099 1.07263 -0.417307 -3.96041 2.0818e-05 3.34917e-06 1.67268e-05 -6.99817e-06 -5.90214e-06 1.67147e-05
29277 1.07263 -0.417307 -3.96041 2.0818e-05 3.34917e-06 1.67268e-05 -6.99817e-06 -5.90214e-06 1.67147e-05
29261 -0.0870606 0.00478995 -0.447417 1.57808e-05 8.60888e-06 0.000344056 7.2361e-06 3.52532e-05 6.46657e-05
29285 0.131522 0.0966633 0.511226 8.55569e-06 6.36286e-06 3.81337e-05 1.25114e-06 -5.65163e-06 -9.6481e-06
29379 0.0383817 0.0947156 2.16785 8.04903e-06 1.93e-05 7.54507e-06 1.04171e-05 -7.06276e-06 -4.35466e-06
29522 0.0160474 0.0323823 6.61378 4.59106e-06 1.16276e-05 1.05721e-05 -3.9661e-06 -3.52435e-06 2.1549e-06
29516 0.121689 0.0332332 -1.03645 1.4988e-05 2.17371e-06 1.01667e-05 6.96706e-07 -3.17312e-07 -9.53539e-06
29541 -0.0786553 0.0898755 2.42383 2.14808e-05 1.35607e-05 8.09062e-05 -1.41271e-05 2.72749e-05 -3.71054e-05
29655 0.0243678 0.0670916 0.622469 9.80697e-06 1.69597e-05 0.000268619 1.00799e-05 5.82903e-05 3.97278e-05
29690 0.0753551 0.0160033 4.55104 2.17359e-05 7.91202e-06 0.000270328 -7.29968e-06 -3.04035e-05 6.70285e-05
29722 0.0110227 0.115252 0.109184 5.61276e-06 4.08099e-05 3.16201e-05 -9.65272e-06 3.1281e-05 -7.84755e-06
29736 0.0133002 0.0496222 2.36799 3.17072e-06 1.31236e-05 0.000114472 2.93076e-06 3.31334e-05 8.93426e-06
29778 -0.300305 0.211608 -4.19605 1.09171e-05 4.85515e-06 2.58769e-06 -5.0525e-06 1.38085e-06 -2.61304e-06
29794 -0.0655557 0.0506488 -1.48028 1.95721e-05 3.2539e-06 6.95321e-06 -3.38099e-06 -1.76255e-06 9.42588e-06
29823 0.15232 0.502399 0.519704 5.05571e-06 2.60434e-05 0.000173952 6.57155e-06 -6.12407e-05 -1.79402e-05
29844 0.0544879 0.0331985 -2.01971 4.52256e-05 3.99351e-06 7.11605e-05 -5.34459e-06 -6.68842e-06 5.06172e-05
29854 -0.0266138 0.0591313 4.08998 1.06263e-05 5.68282e-06 4.37925e-06 -6.7608e-07 -6.8753e-07 -1.94995e-06
30078 0.0502346 0.235921 -3.78695 4.94247e-06 2.29968e-05 0.000207874 3.90226e-06 -6.26401e-05 -1.22901e-05
30114 -0.0742557 -0.00176637 -0.484085 1.68702e-05 8.51817e-06 0.000154821 8.89819e-06 2.79928e-05 4.50592e-05
30117 0.030248 0.188854 0.229803 3.71993e-06 2.10314e-05 2.62112e-05 4.16067e-06 2.04738e-05 4.42212e-06
30138 0.00986012 0.0816009 -7.28771 4.97186e-06 2.05748e-05 2.32516e-05 9.23932e-07 1.65908e-05 7.65358e-07
30176 -0.0319743 0.0627727 -8.35325 2.87192e-05 9.56425e-06 3.01593e-05 -1.2465e-05 1.08432e-05 -2.29531e-05
30190 0.0250748 0.00446589 1.74758 4.4135e-06 1.17278e-05 4.52094e-05 -2.28042e-06 1.52525e-05 -6.01565e-06
30253 0.0250748 0.00446589 1.74758 4.4135e-06 1.17278e-05 4.52094e-05 -2.28042e-06 1.52525e-05 -6.01565e-06
30274 -0.244406 0.21403 0.303139 2.23422e-05 1.12933e-05 0.000316493 -1.43948e-05 5.51107e-05 -7.98001e-05
30358 -0.0181176 0.059351 4.0581 1.83841e-05 7.49339e-06 7.04844e-05 -6.43189e-06 1.35585e-05 -2.88695e-05
30331 0.0494118 0.142561 3.70524 1.07091e-05 4.40773e-05 0.000826344 1.55073e-05 0.000181443 7.623e-05
30374 0.0451102 0.0154627 -0.720894 6.39084e-06 6.52765e-06 2.70756e-06 -3.626e-06 3.05186e-07 -9.34047e-07
30382 -0.0225863 0.026043 -2.82519 9.56018e-06 5.2183e-06 1.47171e-05 3.94304e-06 -4.61058e-06 -8.34058e-06
30439 0.0257551 0.0330379 -3.70546 3.00467e-05 1.538e-05 0.000694481 -1.4278e-05 -7.70074e-05 0.000132319
30425 0.0497349 0.286247 -3.60408 2.49832e-06 2.66128e-05 6.52581e-06 5.26943e-06 -4.08415e-06 -7.60115e-07
30549 0.0497349 0.286247 -3.60408 2.49832e-06 2.66128e-05 6.52581e-06 5.26943e-06 -4.08415e-06 -7.60115e-07
30539 0.0497349 0.286247 -3.60408 2.49832e-06 2.66128e-05 6.52581e-06 5.26943e-06 -4.08415e-06 -7.60115e-07
30593 -0.0689781 0.0646872 -1.17956 3.50294e-05 4.03933e-06 0.000585339 -6.85398e-06 2.91778e-05 -0.000138448
30689 0.0538107 -0.0110813 1.7327 7.75784e-06 7.73617e-06 2.90146e-06 -3.30527e-06 -2.19108e-06 2.06803e-06
30729 0.0458806 -0.0104039 -6.93646 5.83593e-06 1.1263e-05 5.69977e-05 -5.41487e-06 -2.00756e-05 1.27901e-05
30764 -0.155527 0.0644079 1.54442 1.03429e-05 2.28083e-06 1.00782e-05 -1.16872e-07 3.96034e-07 -5.79267e-06
30888 0.005026 0.0394452 -4.26303 1.60746e-05 7.58355e-06 0.000109812 -5.16148e-06 1.59611e-05 -3.51201e-05
30991 -0.09238 0.0173508 -4.64921 1.41748e-05 2.62374e-06 2.99186e-05 2.11461e-06 -3.38861e-06 -1.76455e-05
31155 -0.09238 0.0173508 -4.64921 1.41748e-05 2.62374e-06 2.99186e-05 2.11461e-06 -3.38861e-06 -1.76455e-05
31272 0.0188819 0.0426199 0.479527 1.21081e-05 1.07905e-05 3.27573e-05 1.97015e-06 4.53562e-06 1.12132e-05
31236 0.061172 -0.0858269 -13.1045 3.34308e-06 1.9902e-05 8.63835e-05 -4.4637e-06 -3.78288e-05 1.03686e-05
31419 0.061172 -0.0858269 -13.1045 3.34308e-06 1.9902e-05 8.63835e-05 -4.4637e-06 -3.78288e-05 1.03686e-05
31442 -2.14535 -0.301882 5.0859 4.14395e-05 1.8913e-06 0.000194644 6.81557e-06 -1.5022e-05 -8.84793e-05
31694 -0.00425653 -0.0499314 1.87499 3.9124e-06 9.96027e-06 8.28593e-05 1.21998e-06 2.10202e-05 5.2736e-06
31780 -0.0746136 0.184177 -3.21291 6.74383e-06 1.48741e-05 7.10957e-06 -3.73323e-06 -6.53466e-06 3.12599e-06
31727 -0.000489359 0.0296692 5.2667 1.28193e-05 1.26436e-05 7.28117e-05 9.60671e-06 -2.54024e-05 -2.56663e-05
32009 -0.000489359 0.0296692 5.2667 1.28193e-05 1.26436e-05 7.28117e-05 9.60671e-06 -2.54024e-05 -2.56663e-05
32203 -0.0250649 0.0527115 5.89667 1.77998e-05 3.33495e-06 0.000315874 -3.96868e-06 1.65942e-05 -6.89993e-05
32300 -0.0851306 0.0911953 -4.47832 1.35699e-05 7.58443e-06 1.09138e-05 -4.76557e-06 -4.54192e-06 8.10625e-06
32348 0.0142545 0.0435625 -1.91071 2.6054e-05 1.25821e-05 1.99571e-05 1.27967e-05 -7.90519e-06 -1.39798e-05
32354 0.0142545 0.0435625 -1.91071 2.6054e-05 1.25821e-05 1.99571e-05 1.27967e-05 -7.90519e-06 -1.39798e-05
32430 0.00147891 -0.0170702 -4.02849 2.4326e-06 2.49065e-05 5.97698e-06 1.86569e-06 8.84509e-06 8.16738e-07
32429 0.0207595 0.0473166 -1.66473 6.63853e-05 3.36861e-05 0.000127641 3.29076e-05 4.68678e-05 7.6583e-05
32468 0.19942 0.0290111 -5.57174 3.62775e-05 1.92659e-06 2.9913e-05 -4.13397e-06 3.56474e-06 -3.02321e-05
32522 0.19942 0.0290111 -5.57174 3.62775e-05 1.92659e-06 2.9913e-05 -4.13397e-06 3.56474e-06 -3.02321e-05
32535 -0.00868497 -0.00034228 3.80304 6.2322e-06 1.79996e-05 2.09317e-05 8.40869e-06 -1.70448e-05 -8.96502e-06
32565 -0.00868497 -0.00034228 3.80304 6.2322e-06 1.79996e-05 2.09317e-05 8.40869e-06 -1.70448e-05 -8.96502e-06
32613 0.171812 0.0873078 -3.3979 2.72992e-05 4.50625e-06 1.0504e-05 6.43974e-07 1.80349e-07 8.79636e-06
32602 0.454327 -0.159183 -0.466002 0.000156389 3.45297e-05 0.000196939 -7.25219e-05 8.10528e-05 -0.000173996
32685 0.454327 -0.159183 -0.466002 0.000156389 3.45297e-05 0.000196939 -7.25219e-05 8.10528e-05 -0.000173996
32615 -0.0666212 0.111069 -3.50205 2.16663e-05 3.05766e-05 8.03631e-06 -2.30053e-05 1.81659e-06 -1.77687e-06
32692 0.0304116 0.00499582 -1.87689 1.02377e-05 2.06287e-05 6.4117e-06 -9.88152e-06 8.70638e-07 -1.55379e-07
32783 0.0133711 -0.0144297 1.49154 5.35855e-06 1.907e-05 7.27964e-05 -2.7844e-06 -3.04934e-05 5.5552e-06
32719 0.0133711 -0.0144297 1.49154 5.35855e-06 1.907e-05 7.27964e-05 -2.7844e-06 -3.04934e-05 5.5552e-06
32879 0.0133711 -0.0144297 1.49154 5.35855e-06 1.907e-05 7.27964e-05 -2.7844e-06 -3.04934e-05 5.5552e-06
32834 -0.0513381 0.0375786 1.41496 1.48557e-05 2.92448e-06 7.24781e-05 1.13348e-07 -7.50352e-07 -2.70722e-05
33063 0.182337 0.14298 3.42902 6.87483e-05 2.09523e-05 0.00152708 3.65124e-05 -0.000173843 -0.000320784
33226 -0.21723 0.104164 -0.899858 2.8657e-05 2.97319e-06 8.48822e-06 -2.81612e-06 5.36273e-07 -4.27513e-06
33296 -0.0574384 -0.0647927 1.18095 4.95324e-06 1.11573e-05 8.68943e-05 2.7312e-06 -2.10714e-05 -9.2596e-06
33474 -0.0115574 -0.0767979 0.498786 3.89807e-06 3.27514e-05 3.91072e-05 6.25498e-06 3.18877e-05 6.48461e-06
33432 0.00194812 0.0395096 3.84384 1.772e-05 5.04944e-06 0.000159478 5.40817e-06 -1.8093e-05 -4.69736e-05
33525 0.000259021 0.0908966 -0.38982 4.57265e-06 1.81101e-05 0.000188989 -3.47623e-06 -5.08244e-05 1.27781e-05
33604 0.0291432 0.0824584 -1.1857 5.7471e-06 6.1691e-06 6.17194e-05 1.82995e-06 1.08125e-05 8.44965e-06
33797 -0.0219645 0.0216622 0.303982 1.5381e-05 6.60802e-06 3.50764e-06 6.33874e-06 2.75802e-06 4.9297e-06
33861 -0.0219645 0.0216622 0.303982 1.5381e-05 6.60802e-06 3.50764e-06 6.33874e-06 2.75802e-06 4.9297e-06
33829 -0.0516144 0.294882 -0.821388 7.81471e-06 6.19772e-05 2.40694e-05 -1.57996e-05 2.93446e-05 -7.90647e-06
33896 -0.0516144 0.294882 -0.821388 7.81471e-06 6.19772e-05 2.40694e-05 -1.57996e-05 2.93446e-05 -7.90647e-06
33939 0.0291333 -0.0422499 4.69392 6.17945e-06 3.92789e-05 3.25782e-05 -8.19005e-06 -2.63588e-05 6.16654e-06
34067 -0.648313 0.227629 -3.55522 6.65785e-05 4.81681e-06 0.000704857 -1.59675e-05 5.19807e-05 -0.000214165
34117 -0.0233588 0.0778961 -2.47935 1.07841e-05 1.35531e-05 9.98031e-05 -7.83021e-06 -2.88141e-05 2.3945e-05
34225 0.324978 0.228225 -3.31487 1.84627e-05 6.3729e-06 0.000398376 6.83704e-06 3.63812e-05 7.74224e-05
34227 0.0876321 0.0696295 5.23349 1.76293e-05 4.08065e-06 6.62111e-06 6.37054e-06 -3.67651e-06 -9.15302e-06
34360 0.0417415 -0.0109178 3.52189 1.5541e-05 3.92979e-05 5.02179e-05 -2.10401e-05 -4.06639e-05 2.40273e-05
34485 0.081693 0.130946 -0.292053 8.40746e-06 9.00832e-06 1.00477e-05 7.05125e-06 3.23581e-06 3.38601e-06
34597 -0.0625813 0.198042 -4.5081 4.29207e-06 9.95053e-06 0.000162337 -3.20624e-06 -3.3582e-05 1.58774e-05
34536 -0.0175051 0.0304565 3.56918 2.38476e-05 6.23291e-06 4.9016e-06 5.25013e-06 -1.1719e-06 -6.65885e-06
34773 -0.0175051 0.0304565 3.56918 2.38476e-05 6.23291e-06 4.9016e-06 5.25013e-06 -1.1719e-06 -6.65885e-06
34748 -0.0175051 0.0304565 3.56918 2.38476e-05 6.23291e-06 4.9016e-06 5.25013e-06 -1.1719e-06 -6.65885e-06
34843 -0.00330423 -0.0114091 -0.230909 9.33915e-06 2.948e-05 3.42814e-05 5.39337e-06 -2.14414e-05 -7.10374e-06
34814 -0.0967338 0.114353 2.02395 2.82362e-05 1.88842e-05 0.000201216 -1.89284e-05 -5.43677e-05 6.85019e-05
34857 -0.157148 -0.0627139 -6.34013 1.67763e-05 1.10019e-05 8.43995e-06 1.19868e-05 6.50315e-06 8.4516e-06
34955 -0.146289 0.14587 -7.04042 5.81252e-06 6.87852e-06 1.06269e-05 -4.37734e-06 -4.92468e-06 5.01468e-06
35054 0.0114095 -0.242903 2.47309 1.6628e-06 4.38351e-05 0.000232348 2.65771e-06 -9.76236e-05 -5.92577e-06
35032 0.0284368 0.0152071 -0.41527 7.76459e-06 6.79994e-06 1.19921e-05 -5.11456e-06 4.23364e-06 -3.86275e-06
35069 -0.0663817 0.013399 -3.60007 2.61897e-05 5.8055e-06 1.11296e-05 9.11312e-06 3.63636e-06 8.78152e-06
35190 0.103819 0.0579005 -0.164984 3.18895e-05 3.05728e-06 0.000374335 3.52809e-06 1.27008e-05 0.000103327
35230 -0.0170568 -0.196136 -2.01187 1.84834e-06 1.20386e-05 1.17163e-05 -7.79443e-07 9.22588e-06 -4.96603e-07
35379 -0.0782778 0.133126 -0.00395912 1.48315e-05 1.03602e-05 4.70169e-05 -8.70185e-06 1.68801e-05 -2.1648e-05
35412 0.589679 -0.384176 0.351036 2.37013e-05 1.39481e-05 5.64866e-05 -1.70635e-05 -2.63283e-05 3.494e-05
35530 0.00896284 0.048862 -2.08807 4.77704e-06 9.12485e-06 1.34031e-05 -8.31204e-07 5.78299e-06 -1.81407e-06
35881 0.0292931 0.074165 -0.429485 6.53572e-06 2.4334e-05 0.000103811 5.23461e-06 -4.3826e-05 -1.42676e-05
35948 -0.00265849 0.0422712 5.46122 2.07393e-05 1.97278e-06 1.07759e-05 4.19192e-07 -1.78766e-07 -1.15487e-05
35966 -0.0255553 0.0408854 2.66103 1.40102e-05 6.17677e-06 1.97562e-05 2.03921e-07 1.50172e-06 9.61352e-06
35999 0.0271439 0.0285207 -1.12679 1.70807e-05 8.71321e-06 2.58512e-05 -9.47298e-06 1.10883e-05 -1.75574e-05
36048 -0.00965786 0.0193878 0.896499 1.39164e-05 1.78066e-05 0.000132038 1.39022e-05 -4.46271e-05 -3.89263e-05
36025 -0.0454355 0.0788865 -6.72447 1.79254e-05 7.27403e-06 6.91211e-05 -8.4914e-06 1.74494e-05 -3.09826e-05
36192 -0.0907771 0.0672519 -1.65541 9.27001e-06 4.8798e-06 2.05433e-05 -8.1323e-07 2.26657e-06 -8.28235e-06
36234 -0.101131 0.063907 1.46985 1.7876e-05 4.6207e-06 7.31497e-06 -6.18884e-07 1.37313e-06 -6.74231e-06
36289 -0.101131 0.063907 1.46985 1.7876e-05 4.6207e-06 7.31497e-06 -6.18884e-07 1.37313e-06 -6.74231e-06
36343 0.0108436 0.0525695 3.17964 2.53285e-06 1.98629e-05 0.000281056 -1.7419e-06 6.87813e-05 -5.9928e-06
36333 0.165118 0.304674 2.02987 8.68415e-06 2.777e-05 1.22125e-05 1.4093e-05 1.67905e-05 8.88891e-06
36368 0.165118 0.304674 2.02987 8.68415e-06 2.777e-05 1.22125e-05 1.4093e-05 1.67905e-05 8.88891e-06
36459 0.0280873 0.0307527 2.01301 2.27763e-05 9.08383e-06 1.20958e-05 -1.10922e-05 -5.27449e-06 9.05583e-06
36468 -0.000205308 0.0414287 -2.89777 1.96997e-05 4.45766e-06 0.000122503 7.72625e-07 2.00685e-06 4.14127e-05
36686 0.00401479 0.0434897 -4.62534 5.46409e-05 5.54841e-06 1.98084e-05 -1.28949e-05 -5.01964e-06 2.11449e-05
36631 -0.247361 -0.16708 2.79276 2.91495e-05 2.78871e-05 0.000186746 2.44054e-05 -6.53109e-05 -6.78466e-05
36748 0.0370519 0.102865 0.52402 5.0577e-06 4.83749e-05 3.42899e-05 -5.52433e-06 -3.58001e-05 4.29457e-06
36827 0.0962866 -0.0938983 -1.3783 9.40297e-06 2.3668e-05 0.000515997 -1.21836e-05 -0.000104429 6.07001e-05
36803 -0.0190454 0.0326162 -2.24434 3.56916e-05 3.11723e-06 9.61992e-05 -2.24858e-06 3.44783e-06 -5.44155e-05
36845 -0.0190454 0.0326162 -2.24434 3.56916e-05 3.11723e-06 9.61992e-05 -2.24858e-06 3.44783e-06 -5.44155e-05
36895 -0.104291 0.0127199 -3.39107 2.69554e-05 4.49867e-06 0.000149891 9.86818e-07 -2.19104e-06 -5.79084e-05
36905 -0.104291 0.0127199 -3.39107 2.69554e-05 4.49867e-06 0.000149891 9.86818e-07 -2.19104e-06 -5.79084e-05
36984 -0.000242792 -0.0077984 -1.41218 2.01587e-06 9.88189e-06 5.6998e-06 -4.89638e-07 3.40189e-06 3.64756e-08
36986 -0.000242792 -0.0077984 -1.41218 2.01587e-06 9.88189e-06 5.6998e-06 -4.89638e-07 3.40189e-06 3.64756e-08
37076 0.0568748 0.0269468 -4.3607 1.04531e-05 6.68094e-06 2.21558e-05 -3.47652e-06 -4.71577e-06 8.9293e-06
37109 -0.0398987 -0.124226 5.59652 3.63902e-06 2.62067e-05 0.000157733 2.34968e-06 -5.84217e-05 -7.71452e-06
37383 -0.0152154 0.0360379 2.00094 1.60937e-05 5.00678e-06 0.000239368 2.66039e-06 1.23917e-05 5.08576e-05
37357 0.0390868 0.0131617 -1.81017 8.9496e-06 7.92479e-06 6.09081e-06 -6.83362e-06 -5.32483e-06 5.81112e-06
37472 -0.00197333 0.130901 0.904376 6.43152e-06 1.70759e-05 0.000166782 -3.00253e-06 -4.21417e-05 1.11954e-05
37429 0.00974398 0.0353673 -3.31109 1.57351e-05 1.70636e-05 0.000263945 8.05268e-06 5.10947e-05 4.90654e-05
37473 0.0119049 0.0522807 2.6546 2.73572e-06 8.76431e-06 5.75849e-06 -1.72455e-06 -3.42272e-06 1.01042e-06
37543 0.0119049 0.0522807 2.6546 2.73572e-06 8.76431e-06 5.75849e-06 -1.72455e-06 -3.42272e-06 1.01042e-06
37776 0.0280355 0.0430273 -0.327895 3.2987e-05 4.65676e-06 1.01928e-05 1.01524e-06 -2.70418e-09 6.17694e-06
37759 0.0269886 0.0670655 -7.09148 1.24834e-05 1.68314e-05 3.42302e-05 1.04414e-05 -1.9212e-05 -1.50721e-05
37801 0.0677749 0.298584 -0.0290253 2.59538e-06 2.11958e-05 0.000263319 4.42951e-06 -6.99813e-05 -1.61769e-05
37846 -0.0796058 -0.138912 -4.72309 9.49201e-06 3.00662e-05 6.05731e-05 1.1619e-05 3.45547e-05 1.64397e-05
37937 0.0156537 0.0407104 0.703186 1.26016e-05 4.57454e-06 1.86801e-06 -2.45867e-06 -6.75355e-08 1.04463e-07
38077 -0.183525 -0.124377 -1.87456 1.3e-05 6.4669e-06 1.67355e-05 4.82347e-06 -5.12862e-06 -6.26463e-06
38142 0.094738 0.0663388 2.18853 2.74218e-05 4.65217e-06 1.2542e-05 6.17663e-06 -2.74619e-07 -1.67977e-06
38124 0.094738 0.0663388 2.18853 2.74218e-05 4.65217e-06 1.2542e-05 6.17663e-06 -2.74619e-07 -1.67977e-06
38277 0.00826118 0.0489265 -0.264005 5.07347e-06 2.09404e-05 1.81815e-05 -2.69937e-06 1.49793e-05 -2.81473e-06
38203 0.00826118 0.0489265 -0.264005 5.07347e-06 2.09404e-05 1.81815e-05 -2.69937e-06 1.49793e-05 -2.81473e-06
38362 -0.0415259 0.139271 -2.05988 7.93945e-06 1.03673e-05 0.00027799 -5.40063e-06 -4.40388e-05 3.22148e-05
38344 -0.0415259 0.139271 -2.05988 7.93945e-06 1.03673e-05 0.00027799 -5.40063e-06 -4.40388e-05 3.22148e-05
38491 0.0208197 0.0472615 1.10205 2.1556e-05 2.42599e-06 1.02747e-05 2.47967e-06 1.40286e-06 1.24352e-05
38476 -0.184446 -0.10732 2.84054 2.31497e-05 1.35063e-05 3.25984e-05 1.59777e-05 -1.86067e-05 -2.49572e-05
38619 0.0137482 0.0396288 1.57534 2.12718e-05 9.8644e-06 0.000132719 -1.05027e-05 2.76046e-05 -4.60587e-05
38627 0.0486288 0.0542218 -2.56453 2.75181e-05 5.38084e-06 1.59363e-05 -1.94196e-06 7.53158e-07 -1.48573e-05
38675 -0.0147213 0.0783689 -1.12036 9.88063e-06 1.34951e-05 6.28974e-06 -7.6574e-06 2.21471e-06 -1.35471e-06
38955 -0.0456459 0.0728061 -0.764551 5.24142e-06 6.43573e-06 8.84748e-06 -1.83471e-06 2.17586e-06 -1.31919e-06
39029 -0.144923 0.186893 2.92736 1.37648e-05 7.85464e-06 7.12909e-06 -7.97051e-06 -3.36449e-06 4.51567e-06
39188 -0.0721198 0.267623 0.913882 1.38206e-05 7.95215e-05 5.62579e-05 -2.89236e-05 -6.22031e-05 2.34023e-05
39469 0.0383523 0.0454577 -0.092424 1.73369e-05 3.37657e-06 4.13762e-06 3.64729e-06 6.63969e-07 2.46447e-06
39606 -0.0334898 0.0575558 -3.0355 1.57635e-05 6.92274e-06 0.000138729 -5.05564e-06 -1.56915e-05 3.67208e-05
39615 -0.367224 -0.0565628 -2.59038 4.66197e-05 4.14101e-06 5.01143e-05 1.27219e-05 1.29389e-05 4.68284e-05
39645 0.0296813 0.0586193 -1.58746 1.19644e-05 7.59123e-06 4.97349e-05 6.88645e-06 1.50867e-05 1.98968e-05
39658 0.00945853 0.0400494 1.8129 1.58025e-05 1.27705e-05 0.000104915 -1.00621e-05 2.92293e-05 -3.24161e-05
39668 -0.0273669 0.0693207 3.63779 1.64408e-05 9.11456e-06 0.000184648 -8.1336e-06 3.05088e-05 -4.77591e-05
39678 0.0709552 0.0530603 0.89069 2.58404e-05 6.03769e-06 4.71949e-05 7.55487e-06 -9.40948e-06 -2.83214e-05
39760 0.00793363 0.0397871 -4.9217 5.76441e-05 2.59053e-05 0.000473685 -3.39115e-05 -9.36353e-05 0.000148735
39772 -0.0252262 0.0058118 -2.35999 5.30772e-05 9.55253e-06 0.000198791 1.03322e-05 -2.36677e-05 -8.84866e-05
39827 -0.0743714 0.265736 5.48982 5.72385e-06 1.51995e-05 9.1572e-06 -6.52964e-06 1.71121e-06 -8.46188e-07
39931 0.00202603 0.0195351 -6.26506 9.40676e-06 2.56205e-05 7.10398e-05 1.00256e-05 -3.69805e-05 -1.81948e-05
39971 0.0359956 0.0961453 -1.89913 3.97609e-06 3.47384e-05 6.51149e-05 3.99734e-06 -3.98528e-05 -5.63237e-06
