209 0.00949218 0.135477 3.97719 1.68371e-06 4.51875e-05 2.89801e-05 2.48101e-06 -2.90884e-05 -1.6253e-06
351 -0.0192793 -0.162404 0.947594 3.53394e-06 1.48228e-05 7.51882e-06 1.83427e-06 -2.07972e-06 -2.75427e-07
434 0.00494265 -0.0602855 3.33392 2.07e-06 6.11126e-05 2.1706e-06 3.77171e-06 8.87827e-06 5.52618e-07
441 -0.0771701 -0.0409501 3.42487 1.54544e-05 1.93107e-05 0.000284693 1.28483e-05 6.38781e-05 5.48954e-05
537 0.12457 -0.212048 0.141779 5.31258e-06 1.20206e-05 3.73982e-05 -5.20418e-06 -1.78569e-05 9.49439e-06
504 0.168237 -0.0495005 1.98503 1.68173e-05 5.98554e-06 3.18537e-05 -7.28475e-06 -8.80399e-06 1.71092e-05
613 -0.204902 -0.076085 -1.74671 2.38214e-05 8.73236e-06 2.87201e-05 1.26242e-05 1.3437e-05 2.38446e-05
764 0.249398 -0.0239556 -5.1436 1.79843e-05 2.94878e-06 5.44915e-06 -4.1825e-06 -1.74517e-06 6.58542e-06
888 0.0989102 -0.12181 5.08947 9.31493e-06 1.21323e-05 4.06183e-05 -5.98056e-06 -1.6883e-05 1.29884e-05
820 0.0845684 0.137779 4.32224 7.3533e-06 1.01552e-05 0.000159016 5.66845e-06 -3.2427e-05 -2.54231e-05
983 0.00272506 -0.0180539 9.34162 2.83496e-05 4.61642e-06 1.62819e-05 6.51401e-06 -3.19402e-06 -1.13768e-05
1069 -0.0367125 -0.0715314 1.26624 4.21589e-06 1.16205e-05 5.00826e-05 2.26496e-06 1.91859e-05 5.28073e-06
1078 0.0430742 0.0594553 -1.08501 1.06765e-05 9.35018e-06 8.81573e-06 3.87538e-06 3.55808e-06 4.13813e-06
1079 -0.0768518 0.0631958 -5.5608 5.14831e-05 2.56075e-06 1.72858e-05 -7.93611e-06 -1.95163e-06 1.12996e-05
1136 -0.0256933 0.0347314 -0.245261 2.1885e-05 3.67821e-06 0.000155406 1.55362e-06 4.67363e-06 5.16527e-05
1301 -0.0256933 0.0347314 -0.245261 2.1885e-05 3.67821e-06 0.000155406 1.55362e-06 4.67363e-06 5.16527e-05
1317 -0.0245202 0.000525457 -2.47157 8.41967e-06 1.10238e-05 4.31677e-06 2.38931e-06 -1.45461e-06 4.93401e-07
1489 -0.0245202 0.000525457 -2.47157 8.41967e-06 1.10238e-05 4.31677e-06 2.38931e-06 -1.45461e-06 4.93401e-07
1454 0.10792 0.0266858 -1.63261 2.59482e-05 1.10222e-05 0.000460431 -8.54028e-06 -4.04e-05 9.27332e-05
1546 -0.330612 -0.130284 0.03769 1.76065e-05 6.78863e-06 2.58906e-05 8.86121e-06 1.07297e-05 1.89253e-05
1714 0.0182052 0.0295646 -1.72739 1.81349e-05 1.69896e-05 7.6069e-06 -1.11133e-05 7.24087e-06 -7.43489e-06
1744 0.112641 0.0126089 3.56395 2.41319e-05 6.49575e-06 2.61065e-05 -3.85456e-06 -4.4568e-06 1.97673e-05
1936 -0.0963355 -0.0385023 0.30456 1.13226e-05 6.41105e-06 3.21978e-06 7.51682e-06 2.68091e-06 3.58561e-06
1934 -0.0319696 -0.0199594 -1.09249 1.23913e-05 1.98702e-05 1.52792e-05 1.31333e-05 -1.06892e-05 -7.58518e-06
1940 -0.0319696 -0.0199594 -1.09249 1.23913e-05 1.98702e-05 1.52792e-05 1.31333e-05 -1.06892e-05 -7.58518e-06
2066 -0.0319696 -0.0199594 -1.09249 1.23913e-05 1.98702e-05 1.52792e-05 1.31333e-05 -1.06892e-05 -7.58518e-06
2166 -0.0319696 -0.0199594 -1.09249 1.23913e-05 1.98702e-05 1.52792e-05 1.31333e-05 -1.06892e-05 -7.58518e-06
2214 -0.0319696 -0.0199594 -1.09249 1.23913e-05 1.98702e-05 1.52792e-05 1.31333e-05 -1.06892e-05 -7.58518e-06
2275 -0.0481821 0.141748 0.771538 6.67514e-06 2.87137e-05 0.000133688 -9.73614e-06 5.67733e-05 -2.19187e-05
2292 0.0415682 -0.0641132 -1.88354 3.09496e-06 1.60438e-05 8.21042e-06 -3.65724e-06 -9.31085e-06 2.4668e-06
2593 0.0326318 0.00743013 -1.82434 6.12981e-06 1.70609e-05 0.000196921 -6.99343e-06 4.78721e-05 -2.50014e-05
2646 0.0283868 0.0595699 -0.790986 5.29965e-06 6.90418e-06 2.529e-05 1.39342e-07 -5.65125e-06 -1.73826e-06
2686 -0.00554648 0.046712 -0.509942 1.31402e-05 5.58316e-06 1.41206e-05 -3.03102e-06 3.42104e-06 -9.22988e-06
2733 -0.00554648 0.046712 -0.509942 1.31402e-05 5.58316e-06 1.41206e-05 -3.03102e-06 3.42104e-06 -9.22988e-06
2788 0.0406853 0.0498188 1.67276 2.3252e-05 5.27108e-06 1.04921e-05 4.65703e-06 2.29783e-06 6.98306e-06
2798 -0.214565 0.155603 1.71764 1.31014e-05 1.41133e-05 0.000158335 -8.10608e-06 3.49667e-05 -3.72751e-05
2869 0.0112675 0.042232 3.4013 2.50184e-05 5.94301e-06 0.000411617 6.49646e-06 -2.65032e-05 -9.29934e-05
3081 0.0112675 0.042232 3.4013 2.50184e-05 5.94301e-06 0.000411617 6.49646e-06 -2.65032e-05 -9.29934e-05
3039 0.0242593 0.0349646 2.09308 2.38481e-05 6.02219e-06 3.77589e-05 -8.09914e-06 -9.96101e-06 2.57264e-05
3119 0.0936611 0.0559699 2.40005 4.32205e-06 7.02859e-06 8.16179e-06 1.69967e-06 -2.70142e-06 -1.75757e-06
3136 -1.62924 1.02158 -8.0854 7.22234e-05 2.62761e-05 2.55907e-05 -4.31262e-05 -2.49401e-05 4.15001e-05
3182 0.00717056 0.0282356 3.59121 2.23131e-06 6.97565e-06 4.00171e-06 1.83092e-06 -1.25218e-06 -5.22257e-07
3236 0.116309 0.128173 -0.227427 3.07609e-05 1.56805e-05 0.000977914 1.89409e-05 0.000112234 0.000167209
3265 -0.00321405 0.045811 3.91344 4.86143e-05 9.03597e-06 1.95755e-05 -1.82495e-05 -9.14153e-06 2.3373e-05
3445 0.0505623 0.0390305 -5.47355 3.88302e-05 7.9168e-06 0.00010834 -8.69632e-06 -1.39916e-05 5.63316e-05
3472 -0.102872 -0.0896775 1.53309 5.69813e-06 4.61887e-06 5.98128e-06 3.27994e-06 2.71205e-06 2.73898e-06
3655 -0.0201752 0.0525997 1.12366 1.19179e-05 5.36141e-06 0.000190823 -2.13878e-06 1.31757e-05 -3.65086e-05
3650 -0.0296718 -0.120911 5.4052 2.7114e-06 9.08348e-06 0.000138782 2.44347e-06 -3.03897e-05 -1.00341e-05
3759 -0.133295 -0.0236668 5.16023 1.76388e-05 5.89945e-06 7.71983e-06 6.70374e-06 1.41816e-06 3.75208e-06
3732 1.61441e-05 -0.00514532 2.22792 3.95741e-06 2.01062e-05 2.7571e-05 2.78121e-06 1.96395e-05 3.11606e-06
3776 0.0102169 -0.0643663 1.69407 3.60821e-06 4.47431e-05 0.000419942 -3.6176e-06 0.000131323 -1.19964e-05
3827 0.217621 0.871428 5.59158 3.94301e-06 5.51132e-05 0.000251199 1.29126e-05 -0.000115317 -2.76457e-05
3959 -0.0629105 0.233361 -1.32083 5.82665e-06 1.83172e-05 6.06898e-05 -4.66481e-06 -2.80531e-05 9.06189e-06
3939 -0.265547 0.291529 2.87736 2.34278e-05 1.60268e-05 8.36534e-05 -1.75873e-05 3.34955e-05 -4.15532e-05
4008 0.0244637 0.0379066 1.17849 2.8134e-05 8.38862e-06 1.34687e-05 -7.58135e-06 -2.90406e-06 9.72734e-06
4021 0.0769732 -0.231265 -1.29456 5.19066e-06 2.01097e-05 0.000262677 -6.06004e-06 6.64248e-05 -2.43559e-05
4046 -0.0486749 -0.0257813 0.473726 1.07121e-05 1.56741e-05 3.59428e-05 1.0039e-05 1.86634e-05 1.48913e-05
4027 0.104416 0.0938412 -5.31528 6.44166e-05 1.53582e-05 4.42306e-06 2.86773e-05 -5.60757e-06 -1.22901e-05
4052 -0.00158324 0.0267212 3.53275 1.03726e-05 1.41298e-05 2.16795e-05 7.85057e-06 -1.25758e-05 -9.88147e-06
4088 0.00631392 0.0315565 -0.237673 0.000110991 9.06921e-05 0.00101114 9.46388e-05 0.000291628 0.000324214
4090 0.000904298 0.0447446 2.2062 2.04145e-05 1.17802e-05 3.18005e-05 -1.27891e-05 -1.61254e-05 2.2813e-05
4213 0.0822807 0.0861552 3.22217 1.75171e-05 7.43323e-06 4.72888e-05 7.76875e-06 -1.3737e-05 -2.45414e-05
4260 0.0822807 0.0861552 3.22217 1.75171e-05 7.43323e-06 4.72888e-05 7.76875e-06 -1.3737e-05 -2.45414e-05
4274 0.0589695 0.0382414 6.01542 1.46989e-05 6.50413e-06 6.66783e-05 -3.01253e-06 6.27251e-06 -2.22039e-05
4580 0.0151536 0.0405863 0.561184 1.73171e-05 2.25973e-06 5.80345e-06 3.84278e-06 1.43853e-06 5.61571e-06
4636 0.0564318 -0.0180656 4.27152 1.12942e-05 1.57979e-05 1.75896e-05 -1.01611e-05 1.31904e-05 -1.07061e-05
4800 0.0575272 0.0502088 7.13901 1.19716e-05 5.85868e-06 9.7941e-06 3.26222e-06 -2.03119e-06 -3.93972e-06
4761 0.0130689 0.0343776 -3.3499 9.51429e-06 2.92039e-05 9.10238e-06 -1.42467e-05 -8.88293e-06 4.53674e-06
4808 0.0130689 0.0343776 -3.3499 9.51429e-06 2.92039e-05 9.10238e-06 -1.42467e-05 -8.88293e-06 4.53674e-06
4834 -0.0529141 -0.0824587 0.390798 7.52013e-06 1.57453e-05 3.70319e-05 5.83107e-06 -1.95294e-05 -1.02685e-05
4859 -0.0393755 0.0484095 -0.315144 1.81668e-05 4.76135e-06 7.20065e-06 -1.08229e-07 -7.74616e-07 3.26099e-06
4970 0.0440805 0.164704 3.96284 1.37517e-05 3.21741e-05 9.80268e-06 8.53906e-06 2.42275e-06 2.56733e-06
5196 0.0550851 0.0458709 -0.165737 2.11026e-05 2.43978e-06 2.12353e-05 9.12521e-07 9.77955e-07 1.79963e-05
5223 0.0851143 0.0976735 -3.43234 1.92666e-05 6.31876e-06 3.60117e-05 6.42609e-06 -8.77898e-06 -2.04525e-05
5228 -0.066997 0.127964 -0.814332 1.17818e-05 1.48897e-05 0.000154931 -1.20496e-05 4.5132e-05 -3.9647e-05
5343 0.020992 0.0409924 -1.98947 2.77479e-05 1.39776e-05 7.59242e-06 -1.11612e-05 -5.5015e-06 9.07229e-06
5525 0.0866125 0.0343363 -1.84482 1.52652e-05 2.78686e-06 2.91726e-06 -2.05673e-06 7.5939e-07 -3.99255e-06
5596 0.0562152 0.0598525 -4.28634 0.000115428 2.38398e-05 5.49062e-05 5.15007e-05 -3.48676e-05 -7.76549e-05
5616 -0.00306538 0.129071 2.56631 3.86507e-06 3.71143e-05 7.49384e-05 2.11003e-06 -4.86847e-05 -2.52437e-06
5605 -0.0729541 -0.0630083 -2.3677 2.74972e-05 4.58767e-05 0.00140728 3.27745e-05 -0.000247846 -0.000185955
5627 0.0258511 -0.030087 2.01887 6.69662e-06 1.26576e-05 6.1418e-06 -1.35319e-06 4.90624e-06 -1.43176e-06
5699 0.0658068 0.0393279 -1.02824 1.87403e-05 2.79383e-06 0.000113396 -4.68826e-07 1.74095e-06 -4.02471e-05
5788 -0.142232 0.130045 -0.413481 8.28243e-06 5.61929e-06 8.79188e-06 -8.54115e-07 1.36975e-06 -6.02196e-07
5739 -0.142232 0.130045 -0.413481 8.28243e-06 5.61929e-06 8.79188e-06 -8.54115e-07 1.36975e-06 -6.02196e-07
5986 0.0587559 -0.00928874 6.8274 9.48004e-06 8.90773e-06 2.16355e-05 -2.97465e-06 -7.59362e-06 8.20254e-06
5918 0.00757435 0.0438523 -6.22445 3.43211e-05 1.93962e-06 0.000198759 -5.72923e-07 1.31811e-06 -7.7939e-05
6027 0.0639218 -0.344651 -2.44375 1.57822e-06 1.21541e-05 9.20593e-06 -1.59729e-06 -8.66897e-06 1.23398e-06
6179 0.0123661 0.0447441 4.33994 2.54566e-05 6.42573e-06 6.90598e-05 -5.97388e-06 1.15986e-05 -3.53371e-05
6284 0.193772 0.0966353 -2.51038 6.76872e-05 1.39379e-05 0.000316489 2.79419e-05 6.01884e-05 0.000141913
6234 0.0254396 0.0373768 1.46941 1.67254e-05 1.16333e-05 0.000487121 -1.03438e-05 -6.17625e-05 8.05849e-05
6308 -0.0820405 0.0325367 0.755228 3.53289e-05 3.00765e-06 0.0001016 1.92127e-06 -3.30488e-06 -5.59936e-05
6318 -0.0895178 0.0536827 5.68125 3.55417e-05 3.36822e-06 1.43285e-05 -6.91928e-06 -3.76593e-06 1.84306e-05
6427 0.0278077 0.0145832 3.90852 8.17221e-06 6.72027e-05 0.000611315 -9.89643e-06 -0.00018934 3.24784e-05
6414 0.0798916 0.204309 -0.500771 6.0309e-06 1.41421e-05 0.00011463 3.48954e-06 3.14636e-05 1.17406e-05
6434 0.00374638 -0.0137634 -2.67272 9.08987e-06 1.66367e-05 4.30146e-05 1.96506e-06 -1.70796e-05 -3.69448e-06
6460 0.00374638 -0.0137634 -2.67272 9.08987e-06 1.66367e-05 4.30146e-05 1.96506e-06 -1.70796e-05 -3.69448e-06
6549 0.00374638 -0.0137634 -2.67272 9.08987e-06 1.66367e-05 4.30146e-05 1.96506e-06 -1.70796e-05 -3.69448e-06
6628 -0.0989117 0.0333396 -4.36726 1.1619e-05 6.7999e-06 0.000132363 -2.25624e-06 -5.34789e-06 2.6025e-05
6797 0.0201104 0.0554506 0.809525 8.90301e-06 3.20967e-05 3.92977e-05 1.5075e-05 -3.33496e-05 -1.6485e-05
6848 0.0117671 0.0378015 -4.32914 7.6182e-06 2.3123e-05 1.3375e-05 8.09177e-06 6.68769e-06 2.45706e-06
6975 0.141445 -0.482072 -3.31794 4.50042e-06 3.55665e-05 5.53092e-06 -1.02973e-05 -8.37677e-06 2.4806e-06
6902 -0.0150968 -0.0101421 3.94908 1.15351e-05 1.91253e-05 0.000118135 1.13559e-05 -3.97566e-05 -2.80202e-05
7094 0.395725 -0.445432 -7.65252 1.84387e-06 2.10804e-06 1.57865e-05 -6.47166e-07 -2.01546e-06 2.28688e-06
7117 0.250241 -0.0015235 1.34395 2.19901e-05 4.73216e-06 9.39839e-06 -6.91584e-06 1.5581e-06 -4.97762e-06
7115 0.182376 -0.087857 1.78182 2.47741e-05 1.55754e-05 1.66368e-05 -1.79502e-05 1.42555e-05 -1.81911e-05
7134 -0.116408 0.0793208 -0.249585 1.88895e-05 1.7428e-06 9.02758e-06 -3.12492e-06 -1.99302e-06 1.04361e-05
7245 0.0343107 -0.0121481 7.17244 6.90115e-06 2.62494e-05 2.08929e-05 -9.93255e-06 -2.02574e-05 8.42469e-06
7214 -0.392029 -0.0453228 -0.748437 3.79564e-05 4.94328e-06 8.47218e-05 9.67045e-06 -1.48095e-05 -5.39556e-05
7262 -0.136916 -0.239823 3.04288 8.01063e-06 1.6322e-05 2.44607e-05 9.06701e-06 -1.65436e-05 -1.05727e-05
7377 -0.0204342 0.0359081 -6.60665 1.76752e-05 4.84403e-06 0.000290718 3.99852e-06 -1.70648e-05 -6.39147e-05
7316 -0.0980751 0.0264457 0.0827708 1.53247e-05 4.48994e-06 0.000363686 1.68372e-06 -9.93479e-06 -6.38643e-05
7401 0.0782863 -0.229047 -3.27012 5.3218e-06 2.03496e-05 9.12629e-05 -4.67878e-06 -3.62194e-05 9.67924e-06
7517 -0.279694 0.0350743 3.33599 1.55056e-05 1.94646e-06 7.81723e-06 -8.60258e-07 2.5926e-07 -3.13236e-06
7589 0.0479996 -0.20761 3.12076 7.09626e-06 3.24346e-05 2.09282e-05 -1.20761e-05 -2.26723e-05 9.04512e-06
7627 0.0479996 -0.20761 3.12076 7.09626e-06 3.24346e-05 2.09282e-05 -1.20761e-05 -2.26723e-05 9.04512e-06
7601 0.00228169 -0.116377 4.58125 2.43151e-06 1.74388e-05 0.000245344 -5.85397e-07 -5.94125e-05 1.50103e-06
7693 0.046888 -0.0786414 0.11374 3.82355e-06 2.042e-05 2.02161e-05 -5.88957e-06 -1.46051e-05 4.72864e-06
7707 0.0130003 0.0322313 -3.47233 2.63849e-06 2.16187e-05 0.000328415 -1.5638e-06 7.71677e-05 -7.72012e-06
7730 -0.128622 0.0157226 4.31674 1.0519e-05 5.72532e-06 6.97633e-05 2.41973e-06 5.16304e-06 1.8636e-05
7760 -0.030006 0.139194 -0.329499 4.5494e-06 1.17548e-05 7.23851e-06 -3.13567e-06 -4.79211e-06 2.4266e-06
7787 0.0520723 0.119261 2.11105 3.31618e-05 3.61026e-05 0.000457636 2.83289e-05 0.000115889 0.00010895
7853 -0.0462026 0.0577284 5.01589 1.59761e-05 7.21485e-06 1.42269e-05 -3.15503e-06 -3.67607e-06 7.82062e-06
7858 -0.205373 0.35933 -0.596028 8.59214e-06 1.79551e-05 0.00013987 -1.07942e-05 -4.66042e-05 3.05481e-05
7977 0.0143306 -0.0495336 -1.77151 2.00161e-06 4.96689e-05 3.45135e-05 -2.66121e-06 3.93299e-05 -2.3572e-06
8033 -0.0305469 0.0161798 0.00675556 2.40057e-05 1.19112e-05 1.65541e-05 1.37655e-05 9.94827e-06 1.53793e-05
8037 -0.0305469 0.0161798 0.00675556 2.40057e-05 1.19112e-05 1.65541e-05 1.37655e-05 9.94827e-06 1.53793e-05
8050 0.0571834 0.0844793 4.46192 1.6129e-05 3.07142e-05 0.000389955 1.49172e-05 9.51012e-05 6.12949e-05
8292 -0.0923044 0.00305154 -2.35791 3.92164e-05 6.20335e-06 0.000356664 1.22561e-05 3.77797e-05 0.000113976
8315 -0.0332334 0.0851894 1.45715 8.98843e-06 7.79715e-06 1.63159e-05 -5.92534e-06 8.28154e-06 -9.40919e-06
8347 0.701817 0.00330736 4.19991 3.79855e-05 2.42212e-06 3.67912e-05 -5.9701e-07 6.86238e-07 -3.48279e-05
8398 0.0350593 0.0907156 -7.26547 1.16082e-05 2.59394e-05 0.000260456 9.01263e-06 -6.94434e-05 -3.75333e-05
8505 0.0843209 0.0202273 -0.868037 1.29946e-05 4.00039e-06 2.02756e-05 5.79302e-07 -9.37197e-08 1.12465e-05
8601 0.279601 -0.236534 3.51799 1.13084e-05 1.21974e-05 9.08064e-06 -1.03406e-05 8.76908e-06 -8.49428e-06
8736 0.0268853 0.0587942 -0.287099 1.33386e-05 3.15538e-05 0.000110811 1.41359e-05 5.17917e-05 2.83975e-05
8932 0.0274925 0.0461443 -4.06933 1.68666e-05 4.20795e-06 5.01775e-06 5.97103e-06 -1.75995e-07 7.65609e-08
9073 -0.13692 0.0529595 2.75293 2.17638e-05 7.51812e-06 0.00029425 2.4572e-06 -8.73701e-06 -6.76254e-05
9125 0.078512 -0.045104 -6.9278 6.17271e-06 1.41096e-05 9.23363e-06 -8.16068e-06 -9.68314e-06 6.09649e-06
9132 -0.347713 -0.142663 -4.40577 2.94344e-05 1.04042e-05 0.00058913 1.26838e-05 6.30252e-05 0.000121743
9206 -0.00449366 0.040046 -1.50596 8.70584e-06 4.37295e-06 3.94186e-06 3.10232e-06 -6.92112e-07 -2.59768e-06
9234 0.042953 0.0370663 -3.43143 1.9861e-05 3.88897e-06 2.54328e-05 -9.00629e-07 8.1991e-07 -1.85769e-05
9345 0.00477279 0.0399753 -1.95664 6.11538e-06 3.32305e-06 2.00141e-06 1.00559e-06 4.17747e-08 9.61842e-07
9346 -0.0610657 0.0700302 0.400975 1.38879e-05 8.20589e-06 9.59198e-05 -6.24785e-06 -1.75569e-05 2.87855e-05
9496 0.0413887 0.0570639 -0.731624 5.14773e-06 8.07948e-06 6.60355e-06 4.64199e-06 4.16994e-06 3.19311e-06
9551 0.0413887 0.0570639 -0.731624 5.14773e-06 8.07948e-06 6.60355e-06 4.64199e-06 4.16994e-06 3.19311e-06
9535 0.431845 -0.466236 -0.752907 5.37566e-05 7.7397e-05 1.81087e-05 -6.29028e-05 2.81559e-05 -2.34023e-05
10155 0.00643373 0.0332044 -1.70385 7.65662e-06 1.36027e-05 0.000130191 3.13097e-06 3.21089e-05 1.16207e-05
10121 0.0787707 0.0491559 0.0652023 0.000106145 5.954e-06 0.00011975 -2.17142e-06 -2.99663e-06 0.00010578
10175 0.00471686 0.0337742 0.294409 1.35127e-05 1.87862e-05 3.50044e-05 1.17491e-05 1.96061e-05 1.57932e-05
10162 0.00740359 0.0411714 -3.13723 7.97434e-06 8.95503e-06 4.92764e-06 5.32311e-06 3.92059e-06 3.40202e-06
10264 0.0409481 0.0349458 -0.548189 1.71043e-05 3.11346e-06 2.10525e-05 1.01143e-06 -6.89066e-07 -1.49593e-05
10246 -0.026713 0.0456772 2.94878 2.54351e-05 5.50578e-06 2.3909e-05 1.57333e-06 -2.4643e-07 -1.39767e-05
10277 -0.0100699 0.0302229 -0.325316 7.53088e-06 6.38316e-06 9.38289e-06 1.61258e-06 2.43593e-06 4.30886e-06
10304 0.190343 0.11033 -0.356757 6.55021e-05 6.87478e-06 0.000307664 1.37697e-05 3.09945e-05 0.00013602
10397 -0.0209918 0.0349527 2.57493 2.60858e-05 7.64417e-06 9.38967e-05 2.86507e-06 -5.14495e-06 -4.2701e-05
10483 0.0152557 0.0235322 4.51743 7.18031e-06 1.29838e-05 4.58199e-05 -1.90196e-06 -1.56869e-05 5.66017e-06
10549 -0.0207651 -0.0130734 -3.54576 1.21931e-05 2.78681e-05 8.23955e-05 1.41699e-05 -4.32328e-05 -2.55832e-05
10692 0.0182022 -0.0152086 -5.15985 4.59786e-06 1.4923e-05 4.1405e-06 -3.28511e-07 2.57493e-06 -1.03857e-06
10659 -0.339872 -0.125062 1.75534 4.5283e-05 1.14846e-05 0.000123632 2.17426e-05 -3.56131e-05 -7.28631e-05
10795 0.0225931 0.104958 -0.704228 3.35524e-06 5.08253e-05 4.28135e-05 5.28387e-06 4.30025e-05 4.88343e-06
10774 0.0855165 0.00755999 2.84556 2.45663e-05 6.33852e-06 0.000605201 -1.09926e-05 -5.57523e-05 0.000118836
10796 0.814856 0.283151 -4.0956 1.60922e-05 1.82487e-06 2.37286e-06 3.72678e-06 -1.04752e-06 -4.18159e-06
10808 0.00288034 0.0727341 -7.90272 6.68504e-06 1.78871e-05 1.72392e-05 -5.94146e-06 -1.20292e-05 4.4972e-06
10827 0.00288034 0.0727341 -7.90272 6.68504e-06 1.78871e-05 1.72392e-05 -5.94146e-06 -1.20292e-05 4.4972e-06
10876 0.0618966 0.082257 -2.46258 3.31367e-05 1.44776e-05 2.29311e-05 1.71467e-05 1.19546e-05 1.91117e-05
10897 0.0114027 0.0352067 0.0216498 1.83322e-05 1.21683e-05 0.00021336 -9.46197e-06 4.22776e-05 -4.99856e-05
11114 -0.0945695 0.0258021 -2.50305 4.72205e-05 3.03723e-06 0.000391491 5.66924e-06 -1.69395e-05 -0.000131315
11157 -0.518592 0.507262 2.32329 4.52341e-05 3.52121e-05 4.39352e-06 -3.90654e-05 1.0838e-05 -1.23118e-05
11269 0.0667524 0.0560772 -2.17461 1.59052e-05 1.74578e-06 1.05999e-05 -2.78188e-07 -3.37395e-08 -8.80346e-07
11223 0.0180928 0.209143 2.55502 3.95697e-06 3.33342e-05 0.000131976 8.02395e-07 6.15625e-05 1.32076e-06
11305 0.0962398 0.0601005 2.58284 2.15394e-05 7.79572e-06 1.26865e-05 -9.55112e-07 3.92391e-07 1.06719e-05
11647 0.0962398 0.0601005 2.58284 2.15394e-05 7.79572e-06 1.26865e-05 -9.55112e-07 3.92391e-07 1.06719e-05
11861 0.0318337 0.02418 3.88795 1.42067e-05 7.40023e-06 1.46032e-05 -5.47903e-06 5.43912e-06 -1.04692e-05
11995 -1.18406 0.132807 3.4078 0.000158416 1.62578e-06 8.98297e-06 -1.38904e-05 -1.68407e-06 1.96558e-05
12129 0.0575426 -0.0564876 -4.84038 8.49027e-06 2.25901e-05 0.000683393 -9.04864e-06 -0.000113898 5.61428e-05
12335 0.0196741 0.207376 -0.310794 2.52958e-06 1.80344e-05 0.000256057 -1.13432e-06 -6.10811e-05 3.854e-06
12303 -0.0657083 0.121759 -2.97232 8.66182e-06 9.20281e-06 7.03004e-06 -4.78251e-06 -3.74069e-06 2.49163e-06
12377 0.00435018 0.0849911 0.442587 5.40021e-06 1.36032e-05 4.2064e-06 -1.31636e-06 1.6013e-06 -7.94881e-07
12382 0.0283539 0.0445563 0.264058 5.38411e-05 5.4484e-06 0.000214904 -3.50022e-07 1.06228e-06 -0.000100497
12419 -0.00435933 0.0588907 -0.757644 3.60238e-05 1.106e-05 1.25639e-05 -1.40243e-05 2.90432e-07 1.06015e-06
12575 -0.0221682 0.0447039 -1.91347 2.25728e-05 2.91737e-06 5.31728e-05 -2.39904e-06 3.39195e-06 -3.10548e-05
12653 0.0494275 0.0357711 3.2185 1.3102e-05 2.06227e-06 6.70737e-06 -2.08305e-07 1.63878e-07 -7.17143e-06
12664 0.00490494 0.0416404 1.28375 2.24038e-05 2.40628e-06 5.14451e-06 -1.57553e-06 5.55396e-07 -8.59634e-06
12738 -0.349088 -0.301847 3.60779 1.60069e-05 1.46204e-05 0.000382047 1.41116e-05 -7.10102e-05 -7.44874e-05
12737 0.102776 0.0277143 -2.19378 3.16458e-05 6.15627e-06 0.000657833 -8.10976e-06 -4.03404e-05 0.000137843
12861 0.0286202 0.144839 5.23836 1.94767e-06 1.61649e-05 8.1975e-06 1.97602e-06 -6.39194e-07 -5.2814e-08
12810 0.414571 -0.144797 -4.58962 3.30328e-05 9.44153e-06 0.0006888 -1.48861e-05 -6.93107e-05 0.000146181
12891 0.00226923 0.0832058 -1.80672 5.77769e-06 1.55756e-05 0.000107839 -3.8828e-06 -3.34495e-05 1.11516e-05
12941 0.0468004 -0.0543787 1.50248 5.4963e-06 1.27517e-05 2.70671e-05 -4.33024e-06 1.41267e-05 -6.08943e-06
13080 0.0468004 -0.0543787 1.50248 5.4963e-06 1.27517e-05 2.70671e-05 -4.33024e-06 1.41267e-05 -6.08943e-06
13104 0.0468004 -0.0543787 1.50248 5.4963e-06 1.27517e-05 2.70671e-05 -4.33024e-06 1.41267e-05 -6.08943e-06
13135 -0.0067839 0.00456587 -1.67304 4.90259e-06 1.36738e-05 2.89834e-05 -1.31484e-06 -1.32926e-05 8.4544e-07
13280 -0.0679758 0.108207 0.965767 1.84486e-05 1.79362e-05 5.97466e-06 -1.65487e-05 -8.61711e-06 8.71068e-06
13384 0.0355211 0.0736454 -0.342081 6.49884e-06 6.23908e-06 6.63634e-06 4.33314e-06 4.3736e-06 4.32402e-06
13500 -0.0564103 -0.154195 3.15767 5.7066e-06 3.29147e-05 3.50299e-05 1.6596e-06 2.78842e-05 3.22745e-06
13676 0.0143345 0.0390419 5.19381 1.92885e-05 1.18485e-05 1.6098e-05 -1.14093e-05 8.73867e-06 -1.17161e-05
13733 -0.0748027 -0.12873 0.946167 1.01512e-05 3.1261e-05 1.50003e-05 1.5995e-05 1.58259e-05 8.53103e-06
13720 0.0077098 0.0417398 -8.90114 3.14516e-05 5.81472e-06 3.27856e-06 9.72309e-06 6.45155e-07 1.53632e-06
13777 0.0077098 0.0417398 -8.90114 3.14516e-05 5.81472e-06 3.27856e-06 9.72309e-06 6.45155e-07 1.53632e-06
13740 0.0298793 0.0621331 -2.10123 2.64922e-05 1.67287e-05 5.41413e-05 1.53435e-05 -2.27235e-05 -3.06572e-05
13796 0.24953 -0.212114 -3.65317 9.23649e-06 1.956e-05 0.000308628 -1.01789e-05 7.19718e-05 -4.47288e-05
14076 -0.0299651 0.0675365 0.088208 9.50584e-06 7.03537e-06 4.82356e-06 -4.18622e-06 -1.92708e-06 1.65778e-06
14075 0.147547 0.520155 5.33656 3.33444e-06 4.36088e-05 7.09089e-06 9.42256e-06 2.60844e-06 6.39041e-07
14200 0.00509395 0.00734882 2.15721 5.02746e-06 3.89115e-05 0.00038614 4.18382e-06 0.000113049 1.33146e-05
14280 -0.259379 0.702381 1.42652 6.49028e-06 3.43826e-05 5.26629e-06 -1.40892e-05 1.18476e-05 -4.93891e-06
14274 0.135245 0.0968385 -0.719487 5.43997e-05 9.85357e-06 9.28472e-06 1.44063e-05 -3.00634e-06 -1.02742e-05
14334 0.0546978 0.0269819 -4.08086 1.73936e-05 3.29644e-06 2.34651e-05 -4.60764e-06 5.18174e-06 -1.6871e-05
14338 -0.0311257 0.0874784 -5.84468 1.13688e-05 1.97482e-05 0.000316094 -9.61204e-06 -7.00267e-05 4.56584e-05
14458 0.0245849 0.0595039 2.56717 1.16758e-05 8.32001e-06 6.57459e-05 6.95765e-06 1.8127e-05 2.25883e-05
14443 0.0354907 0.0983135 0.775357 6.69532e-06 2.10545e-05 4.30743e-05 4.0965e-06 2.27478e-05 4.79818e-06
14557 -0.0163044 -0.078189 4.21239 2.24413e-06 1.84134e-05 6.81769e-06 2.42102e-06 8.30198e-06 1.36238e-06
14549 -0.106907 0.0278464 1.16971 4.90733e-05 2.76206e-06 0.000302293 5.5336e-06 -1.4097e-05 -0.000117758
14614 -0.0448776 0.0236281 6.11825 2.39539e-05 4.33981e-06 1.408e-05 6.61409e-06 4.04757e-06 1.3178e-05
14624 -0.00773716 0.0636732 -9.92896 8.90957e-06 1.57991e-05 5.20398e-05 -8.38416e-06 2.43254e-05 -1.67225e-05
14693 -0.00773716 0.0636732 -9.92896 8.90957e-06 1.57991e-05 5.20398e-05 -8.38416e-06 2.43254e-05 -1.67225e-05
14731 -0.2548 -0.147298 -2.67908 4.82482e-05 2.63423e-05 0.000413318 3.16583e-05 -9.61105e-05 -0.000135471
14784 0.0444659 0.0649349 -7.4749 3.33592e-05 1.65585e-05 0.000168563 -4.01946e-06 -2.07906e-05 5.69968e-05
14847 0.178979 0.0789857 2.72985 6.4989e-05 8.37327e-06 0.000494225 1.74117e-05 4.92991e-05 0.000173949
14925 -0.160988 -0.0772957 -2.35078 0.000108637 5.03443e-05 0.00213322 7.25819e-05 0.000323427 0.000477531
14963 0.305948 0.04341 -1.65266 0.000266108 4.22477e-07 0.000489471 -1.39902e-06 1.83944e-06 -0.000359647
15176 0.305948 0.04341 -1.65266 0.000266108 4.22477e-07 0.000489471 -1.39902e-06 1.83944e-06 -0.000359647
15217 0.0276319 0.10313 -1.6988 6.53286e-06 3.11977e-05 5.96612e-05 1.06303e-05 3.98518e-05 1.47993e-05
15315 -0.044327 0.0695326 1.97523 1.9824e-05 4.6887e-06 3.99559e-06 -6.43511e-06 -2.46072e-06 6.70292e-06
15529 0.0104964 0.0429002 1.2258 1.77057e-05 2.34323e-06 6.16689e-06 2.36074e-06 8.13682e-07 5.89933e-06
15538 0.0104964 0.0429002 1.2258 1.77057e-05 2.34323e-06 6.16689e-06 2.36074e-06 8.13682e-07 5.89933e-06
15637 0.0475583 0.0891029 -3.55744 8.53765e-06 1.56766e-05 0.000199222 7.13338e-06 4.7353e-05 3.10354e-05
15783 -0.0210777 0.0502188 0.61487 8.18991e-06 3.04784e-06 1.27455e-06 -3.03659e-06 2.5091e-07 -6.3108e-07
15701 -0.0210777 0.0502188 0.61487 8.18991e-06 3.04784e-06 1.27455e-06 -3.03659e-06 2.5091e-07 -6.3108e-07
15859 0.212406 -0.143339 6.66551 1.3311e-05 9.06272e-06 1.80187e-06 -8.99977e-06 2.48175e-06 -3.11833e-06
16293 -0.0300779 0.020209 -3.06204 8.47087e-06 3.31678e-06 6.64622e-06 -1.7746e-07 -4.0734e-07 -2.5765e-06
16212 -0.0737979 0.163391 3.13075 1.19683e-05 1.53611e-05 0.000138287 -9.83392e-06 3.93834e-05 -3.29484e-05
16418 -0.105991 0.0630928 -3.64349 2.25562e-05 6.1512e-06 6.5842e-06 2.1665e-06 -7.82157e-07 -1.66742e-06
16425 0.053416 0.0992807 -2.47484 2.19745e-05 9.61895e-06 0.00015845 9.80507e-06 2.89009e-05 4.95723e-05
16575 0.0382148 0.107187 0.376961 7.99107e-06 2.23355e-05 0.000182998 5.57323e-06 -5.18955e-05 -1.98726e-05
16596 0.244784 0.0535678 -0.563735 2.04387e-05 4.72309e-06 2.35569e-05 -8.33302e-07 9.8458e-07 -1.81372e-05
16778 0.100494 0.11128 -5.53163 1.16429e-05 7.34287e-06 0.000245628 5.56602e-06 -3.08815e-05 -4.36745e-05
16819 0.0138214 0.0454658 2.91997 1.60326e-06 2.46604e-05 1.15773e-05 2.41535e-06 9.71602e-06 8.37062e-07
16851 0.0138214 0.0454658 2.91997 1.60326e-06 2.46604e-05 1.15773e-05 2.41535e-06 9.71602e-06 8.37062e-07
16876 0.0537594 -0.177322 -1.58374 6.35454e-06 3.06019e-05 0.000332497 -7.26319e-06 9.39892e-05 -2.47813e-05
16913 -0.00748336 0.000864522 3.45914 1.85978e-05 8.41456e-05 2.18017e-05 3.66428e-05 -3.87449e-05 -1.7238e-05
16931 0.027689 0.0384446 1.50028 5.63903e-05 2.63999e-06 6.96488e-05 -5.2187e-07 -6.59897e-07 5.7762e-05
16960 -0.286038 -0.170546 0.526016 2.49081e-05 1.19161e-05 4.68168e-06 1.56932e-05 -4.91751e-06 -7.23061e-06
17035 0.0417001 0.0558783 -1.54366 6.3137e-05 2.35611e-05 0.000609828 3.60889e-05 0.00011396 0.000191715
17044 -0.0859603 -0.0495966 -1.57591 2.30218e-05 2.07087e-05 0.000507737 1.41154e-05 8.01077e-05 9.10954e-05
17125 -0.0851726 0.0671497 -5.15824 4.16378e-05 3.86125e-06 0.000123713 -9.6836e-06 -1.65895e-05 6.85714e-05
17307 -0.0851726 0.0671497 -5.15824 4.16378e-05 3.86125e-06 0.000123713 -9.6836e-06 -1.65895e-05 6.85714e-05
17500 0.0371789 0.123364 -1.39476 3.26233e-06 1.26295e-05 4.82991e-05 4.90426e-06 2.18653e-05 9.37356e-06
17466 0.0371789 0.123364 -1.39476 3.26233e-06 1.26295e-05 4.82991e-05 4.90426e-06 2.18653e-05 9.37356e-06
17711 -0.0122523 0.0204832 4.52065 1.10824e-05 8.04045e-06 5.65223e-05 2.8229e-06 -7.22209e-06 -1.66555e-05
17712 0.356614 -0.0130434 -1.22936 3.29371e-05 4.70706e-06 5.41319e-05 -5.63522e-06 7.3058e-06 -3.87234e-05
17735 -0.435357 -0.120009 -3.26467 7.30063e-05 7.86699e-06 2.72308e-05 2.24249e-05 1.34859e-05 4.32245e-05
17744 0.0189356 0.0237696 -2.61766 4.20648e-06 2.85089e-05 0.000386309 -7.25366e-06 9.80298e-05 -2.71091e-05
17793 -0.0055434 -0.00397933 -4.03974 4.13446e-06 1.26578e-05 1.21857e-05 -1.6288e-06 -7.592e-06 9.0611e-07
17778 0.0306231 -0.0168073 -5.72582 5.07477e-06 1.0214e-05 4.71276e-06 -3.54271e-06 -3.45161e-06 2.14771e-06
17892 0.0306231 -0.0168073 -5.72582 5.07477e-06 1.0214e-05 4.71276e-06 -3.54271e-06 -3.45161e-06 2.14771e-06
17826 -0.0150821 -0.00594035 0.802119 1.30266e-05 2.33729e-05 0.000111638 1.34117e-05 -4.57634e-05 -3.20019e-05
17959 0.0467922 -0.30652 1.41095 2.88363e-06 1.18368e-05 6.2082e-05 -1.24634e-06 -2.12444e-05 3.08373e-06
17957 0.0497406 0.172345 -4.86863 3.06277e-06 1.16958e-05 2.72654e-05 1.97686e-07 -1.34623e-05 -1.15491e-06
18017 -0.113192 -0.0472643 1.25207 2.7686e-05 1.65169e-05 0.000756743 1.87942e-05 -0.000102529 -0.000138348
18048 -0.113192 -0.0472643 1.25207 2.7686e-05 1.65169e-05 0.000756743 1.87942e-05 -0.000102529 -0.000138348
18072 0.298011 0.0964001 3.97238 1.20801e-05 2.65708e-06 0.000109442 6.70229e-07 3.4873e-06 3.00304e-05
18161 0.298011 0.0964001 3.97238 1.20801e-05 2.65708e-06 0.000109442 6.70229e-07 3.4873e-06 3.00304e-05
18151 -0.183968 0.179324 4.54129 1.60701e-05 9.0649e-06 7.63561e-06 -1.04068e-05 -6.73983e-06 9.46143e-06
18329 0.0163358 0.0277027 1.78581 7.25882e-06 1.14838e-05 4.08634e-05 -4.83782e-06 1.54773e-05 -9.01501e-06
18617 -0.0541534 0.0862795 -0.270053 1.63484e-05 7.2963e-06 4.11535e-05 -6.69145e-06 -1.16112e-05 2.12203e-05
18676 -0.0258282 0.0157859 -0.0175605 2.24054e-05 1.0649e-05 1.86469e-05 6.51159e-06 -6.93022e-06 -1.41327e-05
18682 -0.153905 0.155234 1.49369 2.12914e-05 1.1871e-05 1.79076e-05 -1.4615e-05 -1.29306e-05 1.77417e-05
18768 0.083145 -0.0440663 -3.44498 4.20551e-06 8.74597e-06 4.45285e-06 -4.54682e-06 2.55976e-06 -1.95459e-06
18721 0.058637 0.065005 4.07086 3.93024e-05 7.40889e-06 0.000328625 5.28706e-06 -1.70984e-05 -0.000101618
18801 0.0225798 -0.000693065 -4.20933 3.32636e-06 2.09692e-05 0.000208831 -5.77992e-06 6.00192e-05 -1.69327e-05
18970 -0.00840745 0.0491973 1.85078 1.23255e-05 5.36279e-06 0.000230849 -4.84381e-06 2.34946e-05 -4.5665e-05
18987 -0.079339 0.470373 -2.09418 2.62841e-06 1.35631e-05 6.2627e-06 -2.70783e-06 3.62895e-06 -9.56308e-07
19026 -0.079339 0.470373 -2.09418 2.62841e-06 1.35631e-05 6.2627e-06 -2.70783e-06 3.62895e-06 -9.56308e-07
19066 -0.0191354 -0.1698 -2.81875 2.86324e-06 4.24741e-05 9.80399e-05 4.78562e-06 6.16455e-05 7.10022e-06
19125 -0.0335724 0.121792 3.37751 8.91524e-06 1.95111e-05 8.36416e-06 -1.11992e-05 1.01562e-05 -6.43924e-06
19101 -0.00478759 0.0393515 1.08856 2.37842e-05 4.096e-06 1.55247e-05 2.50655e-07 5.10715e-07 -1.28976e-05
19222 0.0699285 0.125177 -2.4003 5.74831e-06 5.29577e-06 2.26694e-06 1.37677e-06 8.90441e-07 9.04923e-07
19351 -0.000616532 0.0641489 3.07742 1.36047e-05 4.29765e-05 0.000499874 -2.15921e-05 -0.000141587 7.50405e-05
19409 0.0767505 0.0690965 0.629226 0.000111015 2.17161e-05 1.31108e-05 4.78446e-05 -1.5483e-05 -3.5676e-05
19590 0.0328435 0.0330046 -0.487209 1.82755e-05 3.91325e-06 4.28337e-06 -4.71639e-06 -1.86215e-06 6.12821e-06
19602 0.0328435 0.0330046 -0.487209 1.82755e-05 3.91325e-06 4.28337e-06 -4.71639e-06 -1.86215e-06 6.12821e-06
19601 0.0328435 0.0330046 -0.487209 1.82755e-05 3.91325e-06 4.28337e-06 -4.71639e-06 -1.86215e-06 6.12821e-06
19791 0.0558101 0.206122 -1.42477 4.49321e-05 9.84981e-05 0.000511388 5.98595e-05 0.000216378 0.00014115
