100182 -0.0963109 -0.0979959 -0.146954 8.09485e-06 1.38489e-05 0.000322247 7.48592e-06 -5.8981e-05 -4.01454e-05
100414 -0.0963109 -0.0979959 -0.146954 8.09485e-06 1.38489e-05 0.000322247 7.48592e-06 -5.8981e-05 -4.01454e-05
100550 0.130354 0.0158502 0.176973 2.32983e-05 4.12641e-06 6.89711e-06 -4.19579e-06 2.06397e-07 2.2642e-07
100582 -0.0508433 0.21171 3.24306 0.000110342 0.000482331 0.011994 -0.000212797 -0.00238813 0.00107718
100599 0.083528 0.0109383 3.34812 4.09646e-05 5.78132e-06 4.99668e-05 -1.28808e-05 -1.34067e-05 4.07184e-05
100662 0.00457135 0.058237 -1.96206 4.41503e-06 2.59641e-05 4.28514e-05 -6.89136e-06 2.91465e-05 -8.48767e-06
100668 -0.0112387 0.0297935 -4.87253 5.95424e-05 2.31016e-05 0.00151682 3.45423e-05 -0.000177882 -0.000293736
100708 -0.0591344 0.0332831 -3.16794 2.88423e-05 3.18091e-06 0.000240462 -1.19214e-06 -2.71915e-06 7.66116e-05
100737 -0.0379054 0.135976 0.467822 7.7829e-06 2.63899e-05 4.18754e-05 -1.30901e-05 3.17123e-05 -1.64031e-05
100782 0.0142593 0.0213439 0.606465 3.3029e-06 3.87643e-05 2.43493e-05 -5.97701e-06 2.82795e-05 -4.76587e-06
100795 0.0885287 -0.0263629 -6.30136 0.000163049 0.000132493 0.00221565 -0.000143661 -0.00053481 0.000594609
100811 0.0588827 0.0228524 -2.47926 2.675e-05 3.51858e-06 0.000228439 -4.84775e-06 1.60056e-05 -7.17623e-05
100899 0.0231864 0.0288624 1.74521 9.02889e-06 1.22811e-05 0.000208051 -8.76892e-06 -4.33197e-05 3.71545e-05
100919 -0.000740595 0.0538061 -12.1377 1.37055e-05 2.59479e-05 4.92221e-05 -9.17083e-06 -2.22612e-05 1.7648e-05
101122 0.050145 -0.11362 5.34667 8.64552e-06 2.14422e-05 4.21303e-06 -9.24159e-06 3.0358e-06 -1.90545e-06
101199 0.0253134 0.0443397 0.777028 9.91283e-05 1.09931e-05 0.000517145 -1.17173e-05 -2.826e-05 0.000212675
101280 -0.0282716 -0.341571 -7.56725 1.99343e-06 2.76889e-05 3.96691e-05 2.36801e-06 2.98265e-05 2.82919e-06
101387 0.0141159 0.0442245 -0.764467 7.53029e-06 9.46493e-06 1.95835e-05 3.34248e-06 -6.1395e-06 -4.48983e-06
101450 -0.0329704 -0.11277 2.98416 4.48334e-06 1.26172e-05 0.000142391 2.59433e-06 -3.42756e-05 -1.04118e-05
101502 0.0134594 0.0684215 -2.5395 8.35649e-06 1.49969e-05 6.9589e-06 -1.34008e-07 -5.70395e-06 1.04782e-06
101525 -0.0908352 -0.00684351 0.525425 3.06684e-05 7.06072e-06 1.36039e-05 5.05571e-06 3.4446e-06 9.12495e-06
101606 0.0424772 -0.0905171 7.96792 8.19154e-06 3.78319e-05 0.000387402 4.88107e-06 -0.000107874 -1.6082e-05
101804 0.0424772 -0.0905171 7.96792 8.19154e-06 3.78319e-05 0.000387402 4.88107e-06 -0.000107874 -1.6082e-05
101863 -0.122466 -0.332599 -1.35242 4.06474e-06 2.26835e-05 7.06391e-05 6.71846e-06 3.61719e-05 1.2219e-05
101952 0.0169351 0.135964 5.56524 3.1069e-06 2.95222e-05 0.000134867 9.74382e-07 -5.73962e-05 -2.62402e-06
101922 0.0252603 0.084793 -4.11776 9.57889e-06 5.89558e-05 2.89356e-05 8.15271e-07 -2.16944e-05 -2.52754e-06
101961 -0.00114441 -0.0187625 -3.86501 4.26487e-06 5.92964e-05 0.000458745 3.81237e-07 -0.000156604 -1.08361e-06
101989 -0.0324153 -0.109897 6.65215 7.73894e-06 2.91343e-05 2.05001e-05 1.10042e-05 -2.0918e-05 -8.54637e-06
102041 -0.00312113 -0.017144 -3.27727 4.72573e-06 3.58653e-05 3.53654e-05 7.76761e-06 3.24898e-05 7.3696e-06
102126 -0.109388 -0.0628537 -1.87627 3.2157e-05 2.5073e-05 5.88607e-05 2.69044e-05 3.59945e-05 4.09489e-05
102293 -0.288643 -0.176536 -2.95101 2.688e-05 7.2954e-06 0.000125953 3.46208e-06 -1.02488e-05 -4.7686e-05
102388 0.0130578 0.0402741 4.00834 9.32231e-06 1.95809e-05 0.000204001 1.00613e-05 5.76661e-05 3.59444e-05
102352 0.0388312 0.0430764 -2.44449 2.29996e-05 6.18527e-06 1.3167e-05 5.71988e-06 3.95949e-06 1.29745e-05
102490 0.0388312 0.0430764 -2.44449 2.29996e-05 6.18527e-06 1.3167e-05 5.71988e-06 3.95949e-06 1.29745e-05
102468 0.0857745 0.274477 0.434355 7.72316e-06 1.40495e-05 0.000193766 4.69832e-06 4.38906e-05 1.9302e-05
102589 -0.0491847 0.066811 -1.72792 1.13452e-05 4.70937e-06 9.3154e-06 -7.577e-07 -3.79156e-07 5.35056e-07
102566 -0.00785926 0.0675508 -1.94694 5.18921e-06 1.96647e-05 1.73882e-05 -3.49509e-06 -1.39996e-05 3.87614e-06
102595 0.103462 0.0671982 0.912154 1.67183e-05 2.45349e-06 6.51307e-05 1.48177e-06 3.28275e-06 2.7394e-05
102598 0.00905168 -0.0156946 -0.115685 4.80533e-06 2.57304e-05 0.000236009 -1.28154e-06 7.06431e-05 -4.89293e-06
102718 -0.109429 0.0795371 -3.83768 2.88223e-05 3.83842e-06 3.81476e-06 -3.63826e-06 1.10025e-06 -7.7186e-06
102753 -0.00217934 0.0120398 -7.25881 5.46308e-06 1.21502e-05 9.26719e-05 6.2424e-06 2.96798e-05 1.76555e-05
102812 0.0160649 0.0432163 1.24623 2.04382e-05 5.11323e-06 1.33557e-05 3.05287e-07 -7.00111e-07 -1.09352e-05
102830 0.174605 0.157873 0.817716 3.30981e-05 2.99302e-05 0.000419286 2.51746e-05 0.00010062 0.000107722
102905 0.0374106 -0.0220706 1.28879 6.5987e-06 1.48525e-05 9.29914e-06 -6.05896e-06 3.8226e-06 -1.75628e-06
102978 -0.0119001 -0.0124808 -0.500853 4.16168e-06 2.53511e-05 0.000572289 7.33861e-06 -0.00011417 -3.66107e-05
103155 0.00305984 0.0422451 2.63565 7.69731e-06 1.06255e-05 0.000167226 -3.49732e-06 2.9549e-05 -1.50111e-05
103113 0.0823898 0.120538 -0.744917 3.50102e-05 4.49197e-05 0.00027752 3.74582e-05 0.000105758 8.92425e-05
103180 -0.160415 -0.0979847 4.44661 3.2611e-05 2.0077e-05 1.97751e-05 2.2664e-05 1.41446e-05 1.83891e-05
103195 0.0920922 -0.101055 -1.79918 7.96196e-06 2.09362e-05 5.96549e-05 -7.63137e-06 2.91974e-05 -1.35697e-05
103259 -0.0324067 0.0194222 0.240967 1.1989e-05 2.92591e-06 3.68874e-05 7.33876e-07 1.59745e-06 1.51245e-05
103261 -0.0324067 0.0194222 0.240967 1.1989e-05 2.92591e-06 3.68874e-05 7.33876e-07 1.59745e-06 1.51245e-05
103334 0.153354 -0.0609312 -0.544086 4.38127e-05 2.35898e-05 8.35687e-05 -3.05106e-05 -4.21004e-05 5.8341e-05
103439 0.00581324 0.036545 2.9239 6.36359e-05 5.66582e-05 0.000269314 4.53679e-05 0.000105226 0.00011382
103484 -0.0177543 0.0472887 5.49138 1.91588e-05 3.15213e-06 6.86552e-06 -3.85918e-06 7.15549e-07 -4.70814e-06
103502 0.107634 0.0588654 -3.37093 1.6127e-05 5.12736e-06 1.0941e-05 -1.21085e-06 8.46693e-07 4.12846e-06
103545 0.0508309 -0.016989 -6.07833 1.03185e-05 2.12194e-05 2.44928e-05 -1.14431e-05 1.8415e-05 -1.17069e-05
103720 0.0116829 0.0624775 0.762939 4.243e-06 1.92286e-05 2.82946e-05 2.97877e-06 1.84619e-05 3.09213e-06
103703 0.0116829 0.0624775 0.762939 4.243e-06 1.92286e-05 2.82946e-05 2.97877e-06 1.84619e-05 3.09213e-06
103743 -0.0936455 0.158786 1.23201 1.22668e-05 1.11999e-05 6.22146e-05 -1.04426e-05 2.42698e-05 -2.53451e-05
103796 0.0134319 0.0368686 4.42841 1.11242e-05 1.26845e-05 0.000185812 -8.48331e-06 4.03124e-05 -3.70925e-05
103862 0.0134319 0.0368686 4.42841 1.11242e-05 1.26845e-05 0.000185812 -8.48331e-06 4.03124e-05 -3.70925e-05
103880 0.0134319 0.0368686 4.42841 1.11242e-05 1.26845e-05 0.000185812 -8.48331e-06 4.03124e-05 -3.70925e-05
103943 0.0614448 0.131527 2.92378 1.52283e-05 1.98475e-05 3.40698e-05 1.37058e-05 -2.11995e-05 -1.77045e-05
104150 -0.0266983 0.133842 0.799986 6.62713e-06 1.95525e-05 0.000171166 -7.55337e-06 -5.31069e-05 2.40888e-05
104190 -0.0266983 0.133842 0.799986 6.62713e-06 1.95525e-05 0.000171166 -7.55337e-06 -5.31069e-05 2.40888e-05
104385 0.197813 0.116425 -6.87532 2.48857e-05 5.79508e-06 0.000257404 5.76566e-06 1.91381e-05 7.20371e-05
104366 0.197813 0.116425 -6.87532 2.48857e-05 5.79508e-06 0.000257404 5.76566e-06 1.91381e-05 7.20371e-05
104497 -0.219424 -0.05202 3.07988 1.55921e-05 5.97188e-06 0.000365177 6.39482e-06 -3.31097e-05 -6.80107e-05
104551 -0.023563 0.137142 3.03298 5.02735e-06 2.20617e-05 2.78893e-06 -9.09161e-06 -5.55956e-06 2.3638e-06
104674 -0.123744 0.279724 0.480948 6.98421e-06 1.20863e-05 4.926e-05 -4.33297e-06 1.74793e-05 -1.10586e-05
104661 -0.123744 0.279724 0.480948 6.98421e-06 1.20863e-05 4.926e-05 -4.33297e-06 1.74793e-05 -1.10586e-05
104690 0.0305317 -0.0465785 4.30725 3.78548e-06 1.46594e-05 8.74598e-05 -4.07483e-07 2.89268e-05 -1.69366e-06
104820 0.0305317 -0.0465785 4.30725 3.78548e-06 1.46594e-05 8.74598e-05 -4.07483e-07 2.89268e-05 -1.69366e-06
104822 -0.0479376 0.0624357 -2.33873 2.18318e-05 5.67917e-06 2.83494e-05 -7.57125e-06 8.41699e-06 -2.1783e-05
104911 0.0117465 0.175906 -5.00067 2.83902e-06 1.49128e-05 7.56583e-05 -2.73287e-07 2.8649e-05 -1.13898e-07
104901 -0.206936 0.0882275 2.95503 1.50375e-05 6.67727e-06 1.5422e-05 -8.00884e-06 1.02028e-06 -1.91434e-06
105147 -0.0100677 -0.199762 1.50175 2.53089e-06 1.88607e-05 1.43889e-05 1.97446e-06 8.40164e-06 7.0349e-07
105140 0.00398846 0.0502364 -4.86292 5.68342e-06 1.4825e-05 3.85608e-06 -6.30128e-06 4.20924e-06 -2.30754e-06
105439 -0.0106868 -0.0318813 3.41766 4.78179e-06 3.53711e-05 1.45197e-05 8.97398e-06 1.34367e-05 3.67465e-06
105507 0.0328618 0.0471598 -5.61016 1.32314e-05 5.57496e-06 5.97059e-06 5.45015e-07 5.10458e-07 3.98814e-07
105520 0.0525463 0.00525885 0.817588 6.60828e-06 1.20828e-05 1.25458e-05 -2.42502e-06 -8.28477e-07 7.24345e-07
105627 -0.00100349 0.0312809 3.22446 1.58115e-05 1.21737e-05 6.05807e-05 5.5595e-06 1.5012e-05 2.17966e-05
105795 -0.00525534 0.0446529 -4.92256 2.33701e-05 3.49232e-06 0.000224897 -3.01748e-06 -9.21538e-06 6.50642e-05
106038 -0.176758 0.236294 0.101763 5.36501e-06 8.55971e-06 2.57207e-05 -4.50437e-06 -1.11928e-05 8.16595e-06
106052 0.0549032 0.167974 -1.64575 1.60532e-05 8.21524e-05 0.00127261 3.27827e-05 -0.000318728 -0.000130843
106178 0.00843513 0.0318158 -5.39986 2.26938e-06 3.30466e-05 2.18791e-05 4.43192e-06 -2.43366e-05 -3.37955e-06
106207 0.00843513 0.0318158 -5.39986 2.26938e-06 3.30466e-05 2.18791e-05 4.43192e-06 -2.43366e-05 -3.37955e-06
106392 -0.0700296 0.214858 -3.1682 5.24819e-06 1.62734e-05 0.000245743 -6.98164e-06 -5.8011e-05 2.81778e-05
106374 0.175209 0.0550464 7.71031 2.13229e-05 3.59404e-06 0.000192847 -1.87152e-06 5.71547e-06 -5.72829e-05
106393 -0.239534 -0.124376 1.69051 2.43479e-05 1.18788e-05 2.28438e-05 1.45452e-05 1.39923e-05 2.11705e-05
106398 0.0511866 0.286764 -1.19807 5.34955e-06 3.12948e-05 0.000245202 1.29878e-06 8.04279e-05 4.823e-06
106489 -0.0297167 0.0599094 0.786605 4.42704e-05 1.03023e-05 9.27758e-06 -1.61865e-05 1.43556e-07 -6.46837e-07
106554 0.133064 0.15467 1.77941 2.25555e-05 8.79731e-06 1.52892e-05 8.70128e-06 6.60246e-06 1.16612e-05
106601 0.133064 0.15467 1.77941 2.25555e-05 8.79731e-06 1.52892e-05 8.70128e-06 6.60246e-06 1.16612e-05
106674 -0.201057 -0.0413687 2.87543 3.4885e-05 7.58966e-06 1.48533e-05 1.01878e-05 -4.22391e-06 -1.08473e-05
106675 0.163067 0.0495341 -2.54676 2.02401e-05 1.4844e-06 2.56876e-05 1.72764e-06 -1.78675e-06 -2.06226e-05
106719 0.0147029 0.0468944 -1.30661 6.25603e-06 1.72849e-05 5.14534e-05 5.95609e-06 -2.31515e-05 -1.01436e-05
106760 0.00928516 0.043916 3.91128 1.27475e-05 2.88342e-05 8.19321e-06 1.75485e-05 -1.1953e-05 -7.77401e-06
106823 0.00928516 0.043916 3.91128 1.27475e-05 2.88342e-05 8.19321e-06 1.75485e-05 -1.1953e-05 -7.77401e-06
106817 0.0106379 0.0205392 3.26327 3.71818e-06 1.96101e-05 1.41873e-05 8.5353e-07 1.21759e-05 2.56069e-07
106870 0.0106379 0.0205392 3.26327 3.71818e-06 1.96101e-05 1.41873e-05 8.5353e-07 1.21759e-05 2.56069e-07
106925 0.0120938 -0.0127689 4.4841 8.04665e-06 1.05296e-05 1.02067e-05 3.8764e-06 -5.78584e-06 -3.60053e-06
106960 0.0120938 -0.0127689 4.4841 8.04665e-06 1.05296e-05 1.02067e-05 3.8764e-06 -5.78584e-06 -3.60053e-06
106983 0.584829 -0.730475 -9.13126 1.56403e-05 2.9888e-05 0.000231429 -1.89226e-05 7.89071e-05 -5.37397e-05
107019 -0.0444586 0.0196689 0.511881 2.1642e-05 9.24251e-06 6.16111e-05 8.45743e-06 -1.51161e-05 -3.15068e-05
107128 -0.0242165 -0.0222215 3.49151 3.9248e-06 1.3418e-05 2.26891e-05 2.53871e-06 1.15005e-05 3.56551e-06
107137 -0.0674617 -0.00831915 -2.54326 1.49519e-05 8.73459e-06 0.000303949 8.09979e-06 -4.13085e-05 -6.06679e-05
107192 -0.0224989 0.0856134 -0.866161 1.25365e-05 2.01852e-05 2.52284e-05 -1.18243e-05 1.38544e-05 -1.0907e-05
107299 0.103069 -0.0890691 -3.32597 8.84069e-06 1.69034e-05 9.26409e-06 -7.59268e-06 -8.61469e-06 5.14984e-06
107325 0.00703772 0.0424109 5.78982 1.02307e-05 5.25435e-06 4.6328e-05 6.12004e-07 1.54769e-06 1.42659e-05
107423 0.0684642 -0.0304086 1.94628 1.71496e-05 1.47073e-05 7.29809e-05 -1.19028e-05 -2.74088e-05 2.90367e-05
107429 0.0420186 -0.190878 -2.33974 2.50743e-06 1.19965e-05 2.63017e-05 -2.64282e-06 1.42577e-05 -3.39601e-06
107470 -0.0466033 0.00166278 -3.26839 1.96724e-05 7.21695e-06 4.80892e-05 9.92324e-06 1.51329e-05 2.71503e-05
107525 0.102509 0.0552045 2.79133 2.13268e-05 4.3228e-06 0.000283266 -1.97367e-06 -5.32791e-06 6.96332e-05
107658 -0.0541349 0.0865897 -4.32438 2.46778e-05 2.74243e-05 0.000977913 -1.99814e-05 0.000143693 -0.000136014
107655 -0.0789756 0.13137 -0.574784 2.42553e-05 2.34846e-05 6.19227e-05 -2.10049e-05 -3.30577e-05 3.44005e-05
107788 0.00390585 0.0485433 -6.52593 1.79137e-05 1.0352e-05 1.83469e-05 -6.49944e-06 -6.72631e-06 1.24638e-05
107841 0.011393 0.0193238 4.20356 3.18675e-06 1.49068e-05 0.000193689 -1.96293e-06 -4.70702e-05 7.06149e-06
107896 0.1626 0.0108723 -6.33343 1.88741e-05 3.2543e-06 6.28559e-06 -3.17862e-06 -1.5595e-06 6.87034e-06
107936 0.0300292 0.0467954 -0.180817 3.188e-05 4.59752e-06 1.66006e-05 -8.44498e-07 5.39504e-07 -1.91864e-05
107910 0.0812902 0.0223009 -4.71685 5.45447e-06 4.09902e-06 2.50135e-05 -4.8809e-07 2.91697e-06 -5.80931e-06
107989 -0.242675 0.163344 0.501162 1.30186e-05 5.64263e-06 9.38416e-05 -4.48452e-06 -1.31082e-05 2.91537e-05
107964 0.0105831 -0.14212 3.14058 2.65376e-06 2.80928e-05 5.85965e-05 -4.17014e-07 -3.75541e-05 6.58432e-07
108022 -0.0206012 0.286504 -4.04664 3.79194e-06 6.79422e-05 5.23825e-05 -4.9344e-06 5.3526e-05 -4.53827e-06
108177 -0.0170466 0.023008 2.24334 1.9821e-05 1.17831e-05 9.59664e-06 9.81912e-06 1.06702e-06 2.81393e-06
108258 0.0119752 0.050226 4.35765 6.1674e-06 2.09524e-05 0.000147193 -7.79152e-06 -5.06988e-05 2.20934e-05
108324 0.0119752 0.050226 4.35765 6.1674e-06 2.09524e-05 0.000147193 -7.79152e-06 -5.06988e-05 2.20934e-05
108475 0.00237084 0.0537498 2.42554 1.12589e-05 1.60871e-05 4.77143e-06 -9.50215e-06 6.12807e-06 -4.37877e-06
108540 -0.0573993 0.0590837 -1.92745 8.09036e-06 5.36011e-06 7.82691e-06 -2.58548e-06 2.92519e-07 -2.40161e-06
108542 0.139072 0.291988 0.559096 1.6349e-05 4.81305e-05 0.000493633 2.49448e-05 0.000149536 8.18027e-05
108561 0.139072 0.291988 0.559096 1.6349e-05 4.81305e-05 0.000493633 2.49448e-05 0.000149536 8.18027e-05
108587 -0.036504 0.0378197 -2.16209 2.15722e-05 5.8101e-06 0.00012245 3.26021e-06 8.77281e-06 4.40308e-05
108613 -0.0423419 0.0426385 -7.41724 1.29326e-05 5.82907e-06 1.02528e-05 2.68888e-06 2.04965e-06 5.77089e-06
108601 0.00467305 0.0466947 1.20813 1.77135e-05 7.92706e-06 4.1655e-05 -6.88687e-06 -1.11614e-05 2.18861e-05
108636 -0.462454 0.156764 1.17815 6.74431e-05 5.25679e-06 0.000143778 -1.64324e-05 -2.3862e-05 9.61889e-05
108702 -0.127792 -0.0574777 4.12238 1.53721e-05 8.18493e-06 7.16126e-06 9.25293e-06 4.0902e-06 6.36432e-06
108749 -0.0122365 0.060619 1.08794 1.5535e-05 1.27731e-05 0.000183399 -1.00062e-05 -3.88681e-05 4.65733e-05
108790 0.0227117 0.0698336 0.745223 5.74861e-06 3.46952e-05 0.000241029 5.87983e-06 -7.98482e-05 -1.7846e-05
108892 0.0663154 -0.00720779 -0.600096 9.26634e-06 6.57564e-06 1.96829e-06 -5.79424e-06 -1.82675e-06 2.13907e-06
108936 -0.00393606 0.0538098 1.82354 9.09223e-06 9.61188e-06 0.000104992 -4.75055e-06 2.12996e-05 -2.01686e-05
108976 -0.00393606 0.0538098 1.82354 9.09223e-06 9.61188e-06 0.000104992 -4.75055e-06 2.12996e-05 -2.01686e-05
108978 0.0089455 0.041449 -0.454416 1.33867e-05 7.22306e-06 6.19534e-05 4.50186e-06 1.20088e-05 2.23617e-05
109090 0.0721888 0.0544607 0.913247 3.75922e-05 3.49055e-06 0.000127908 -1.94114e-06 3.54661e-06 -6.21372e-05
109343 0.0209386 0.00277152 3.92609 3.07601e-06 1.31882e-05 1.60039e-05 -1.77226e-06 -1.14073e-05 2.18152e-06
109351 0.0209386 0.00277152 3.92609 3.07601e-06 1.31882e-05 1.60039e-05 -1.77226e-06 -1.14073e-05 2.18152e-06
109496 0.0258595 -0.107489 -10.098 2.94861e-06 2.26568e-05 1.02319e-05 -3.12375e-06 -1.16137e-05 1.45359e-06
109570 0.00200456 0.0527584 4.3044 8.09306e-06 7.82207e-06 1.73356e-06 -4.50776e-06 -1.03359e-06 6.02778e-07
109653 0.152349 0.0174348 -2.14155 1.24981e-05 1.41276e-06 9.99371e-06 -1.14996e-06 -9.35408e-08 1.7592e-06
109665 0.114906 0.0329879 -2.50127 1.84716e-05 3.28182e-06 7.14723e-05 -1.87371e-06 -3.56471e-06 3.20846e-05
109668 0.114906 0.0329879 -2.50127 1.84716e-05 3.28182e-06 7.14723e-05 -1.87371e-06 -3.56471e-06 3.20846e-05
109677 0.26899 0.228572 0.52639 1.37567e-05 5.11001e-06 8.9818e-06 7.13728e-06 1.22685e-07 1.30068e-08
109741 0.049251 -0.0390849 -1.65862 7.22408e-06 1.24359e-05 9.21019e-05 -6.24301e-06 2.69754e-05 -1.79582e-05
109739 0.0170232 0.0457179 3.59244 8.55889e-06 1.51063e-05 5.00802e-05 8.72825e-06 -2.01341e-05 -1.51443e-05
109784 0.0209611 0.0482259 3.7999 0.000142248 0.000101306 0.00144589 0.000111966 0.00036764 0.000439538
109786 0.183278 -0.238618 0.0425075 6.34023e-06 1.15929e-05 8.70866e-06 -4.5858e-06 6.97832e-06 -3.7655e-06
109805 0.0348048 0.11469 -2.5273 6.37163e-06 2.73226e-05 2.31998e-05 9.1794e-06 -2.09968e-05 -7.65858e-06
109977 0.0279592 0.0749459 -6.36621 1.08738e-05 1.24251e-05 6.35902e-05 7.60624e-06 2.23446e-05 1.98825e-05
109915 -0.000471905 0.0327542 2.21498 2.01617e-05 1.58475e-05 0.000207264 1.44364e-05 -4.84933e-05 -5.74501e-05
109994 0.0374698 0.0996056 1.19764 6.94915e-06 2.36581e-05 2.76772e-05 8.64816e-06 -2.20006e-05 -9.47974e-06
110024 -0.0537457 0.00372376 0.246228 8.39186e-05 2.35697e-05 1.97951e-05 4.24415e-05 -1.91599e-05 -3.69702e-05
110041 0.0386119 -0.062262 4.78421 3.82352e-06 1.66938e-05 0.00012176 -1.46737e-06 3.67903e-05 -5.15624e-06
110048 -0.00999261 0.0556885 5.88685 1.86774e-05 7.94692e-06 3.30353e-05 -1.0307e-05 -1.37162e-05 2.26023e-05
110085 -0.00999261 0.0556885 5.88685 1.86774e-05 7.94692e-06 3.30353e-05 -1.0307e-05 -1.37162e-05 2.26023e-05
110100 0.00149619 0.0307799 2.30452 7.37902e-06 1.22413e-05 0.000143579 6.25311e-06 -3.51965e-05 -2.40401e-05
110219 -0.07221 -0.0292022 0.466072 1.68885e-05 9.11242e-06 8.86171e-06 7.33278e-06 5.19098e-06 8.76502e-06
110221 0.0179322 0.0273788 6.00869 7.32244e-06 3.32722e-05 5.06373e-05 -1.30926e-05 3.71026e-05 -1.53681e-05
110240 0.0135621 0.0499283 5.96633 5.29685e-06 1.5833e-05 0.000153932 5.57338e-06 4.52623e-05 1.77581e-05
110256 -0.0658332 -0.105957 -0.136986 5.26771e-06 2.08728e-05 3.40643e-05 6.0239e-06 2.16361e-05 7.6425e-06
110266 -0.00735598 0.0782374 -1.01378 1.37832e-05 8.61311e-06 7.13899e-05 -4.44211e-06 1.20908e-05 -1.98007e-05
110401 -0.00735598 0.0782374 -1.01378 1.37832e-05 8.61311e-06 7.13899e-05 -4.44211e-06 1.20908e-05 -1.98007e-05
110534 -0.0281708 0.138688 -0.264856 6.18081e-06 3.42558e-05 8.11225e-06 -1.13232e-05 -7.28913e-06 2.46427e-06
110941 0.0488256 -0.0346116 -2.88641 4.41589e-06 1.22589e-05 7.96616e-06 -3.68629e-06 -6.53593e-06 2.87676e-06
111313 0.00716288 0.0276729 1.16152 3.92499e-06 1.6369e-05 5.78157e-05 -1.14358e-06 2.51016e-05 -3.39764e-06
111338 0.0685233 0.0782914 -0.312753 0.000168554 1.6182e-05 8.43802e-05 3.88697e-05 2.67351e-05 0.000111101
111388 0.0685233 0.0782914 -0.312753 0.000168554 1.6182e-05 8.43802e-05 3.88697e-05 2.67351e-05 0.000111101
111463 -0.00564845 0.0981904 -4.1245 2.67413e-06 5.85572e-06 7.7651e-06 -1.28414e-06 1.53259e-06 -2.64616e-07
111541 0.00547985 0.0695099 2.53997 4.15111e-06 1.64127e-05 5.65997e-05 -1.64671e-06 -2.50553e-05 3.43629e-06
111558 0.00547985 0.0695099 2.53997 4.15111e-06 1.64127e-05 5.65997e-05 -1.64671e-06 -2.50553e-05 3.43629e-06
111603 -0.00670593 0.0705214 -3.73528 5.56769e-06 1.2939e-05 1.63529e-05 -5.67858e-06 1.16313e-05 -6.36341e-06
111621 -0.00290094 0.0578121 0.890261 8.17486e-06 7.40725e-06 1.71699e-05 -5.7148e-06 7.79934e-06 -8.29731e-06
111681 0.0558303 -0.00697596 2.08854 7.64066e-06 1.15674e-05 0.00013462 -4.84562e-06 -2.79476e-05 2.19389e-05
111856 0.0558303 -0.00697596 2.08854 7.64066e-06 1.15674e-05 0.00013462 -4.84562e-06 -2.79476e-05 2.19389e-05
111927 -0.0268065 0.0535307 -1.06027 1.36876e-05 6.02715e-06 0.000212823 -2.72023e-06 -1.22226e-05 4.33639e-05
112112 -0.0268065 0.0535307 -1.06027 1.36876e-05 6.02715e-06 0.000212823 -2.72023e-06 -1.22226e-05 4.33639e-05
112230 0.126261 0.0832862 -1.80491 1.312e-05 5.28266e-06 0.000248262 5.13992e-06 -2.49621e-05 -5.02179e-05
112243 -0.00121204 0.0389741 0.302852 2.09882e-05 2.82599e-06 1.15541e-05 5.15061e-06 3.62515e-06 1.37985e-05
112263 0.0625848 0.178229 0.248224 1.2921e-05 9.34417e-05 7.80824e-06 3.35437e-05 -1.90604e-05 -6.81376e-06
112491 0.0614687 0.0498467 -3.47533 2.8674e-05 3.936e-06 8.73322e-05 2.93918e-06 4.75529e-06 4.57533e-05
112575 -0.00821147 0.0337142 -1.33445 2.16951e-05 1.19909e-05 0.000161447 1.26212e-05 3.53556e-05 5.15588e-05
112652 -0.257968 -0.102613 1.35546 1.54243e-05 7.81444e-06 0.000185213 6.97907e-06 -2.71166e-05 -4.54001e-05
112621 0.0132458 0.0124073 2.79527 5.23802e-06 1.65743e-05 8.63804e-06 2.0826e-06 5.6717e-06 -6.74118e-08
112677 0.0134793 0.0481759 -1.38214 3.96198e-05 5.32167e-05 0.00184198 3.77211e-05 0.00029473 0.000249676
112854 0.0832497 0.0277196 -6.53725 2.07734e-05 4.89765e-06 6.27466e-05 -2.5941e-06 -5.07998e-06 2.75976e-05
112916 0.0230808 0.0746048 1.52024 1.0465e-05 1.11826e-05 1.15043e-05 -8.31154e-07 -1.23553e-06 2.97746e-07
113063 0.0246118 0.188522 1.60913 3.74864e-06 1.93834e-05 2.01371e-06 2.31204e-06 -2.5604e-06 -3.44088e-07
113039 0.0828891 0.138972 1.16825 9.54159e-06 1.33796e-05 7.20415e-06 7.57356e-06 -3.6612e-06 -2.92491e-06
113118 0.179918 0.128788 0.0739959 1.29268e-05 3.73394e-06 2.79791e-05 1.53662e-06 3.08942e-06 1.42755e-05
113105 0.00642799 -0.350103 0.756486 3.44366e-06 1.67718e-05 0.000125267 -3.34994e-06 4.06548e-05 -8.49676e-06
113153 0.0478323 0.0748897 -6.05132 3.58614e-05 1.29756e-05 0.00073201 1.63584e-05 -7.7883e-05 -0.000149041
113179 -0.25737 0.123846 -5.37444 2.50799e-05 2.9795e-06 0.000436075 -6.18279e-06 -2.68572e-05 0.000100714
113200 0.0284128 0.0575551 -3.31832 6.99647e-06 1.00083e-05 0.000104408 3.15581e-06 -1.97155e-05 -1.57611e-05
113281 0.0403829 0.236829 1.97626 6.66152e-06 3.82867e-05 0.000244268 8.69107e-06 -8.99817e-05 -2.25953e-05
113379 0.0403829 0.236829 1.97626 6.66152e-06 3.82867e-05 0.000244268 8.69107e-06 -8.99817e-05 -2.25953e-05
113325 0.0717616 0.141247 -4.17978 6.61615e-06 1.32819e-05 0.000244246 7.15916e-06 -5.1351e-05 -3.26682e-05
113546 0.0898548 0.230706 -1.27771 1.77416e-05 2.40528e-05 0.000292435 1.73193e-05 7.68841e-05 6.36728e-05
113515 -0.0522327 -0.00280597 8.3074 1.22825e-05 1.28989e-05 1.41471e-05 7.59931e-06 -6.59412e-06 -7.19937e-06
113561 -0.0522327 -0.00280597 8.3074 1.22825e-05 1.28989e-05 1.41471e-05 7.59931e-06 -6.59412e-06 -7.19937e-06
113684 0.00103101 0.0887285 -2.09608 1.04597e-05 1.38044e-05 1.00685e-05 -7.42863e-07 -5.76676e-06 2.26209e-06
113613 0.284832 0.0626638 -4.64805 2.54949e-05 2.48167e-06 0.000367745 -1.88174e-06 6.15843e-06 -9.21425e-05
113775 0.0102772 -0.0927745 -0.307634 4.12702e-06 1.09496e-05 4.46084e-05 1.02339e-06 -1.587e-05 -2.39041e-06
113739 -1.8408 0.301957 -0.997691 5.26333e-05 1.73626e-06 6.18651e-05 -5.00561e-06 -5.41398e-06 5.54421e-05
113821 0.0627734 0.273041 -2.94733 2.95619e-06 1.72028e-05 2.87735e-05 2.18714e-06 1.94466e-05 2.84293e-06
113822 0.0198077 0.0356901 -2.74166 1.52243e-05 8.61296e-06 7.25363e-06 -9.946e-06 -2.70285e-06 3.90256e-06
114013 0.14581 0.140545 -2.92447 1.33514e-05 1.55071e-05 0.000147208 1.21346e-05 -4.22116e-05 -3.93193e-05
114036 0.0686017 0.0758441 0.838826 1.97442e-05 6.63596e-06 7.22464e-05 8.80764e-06 1.69603e-05 3.32529e-05
114220 -0.018006 0.0500437 3.45643 6.29301e-06 5.25178e-06 5.84963e-05 -1.39613e-06 -5.1469e-06 9.95177e-06
114329 0.0440765 -0.0925702 1.57141 7.93613e-06 2.9282e-05 0.000396544 -1.24215e-05 0.000101672 -4.56675e-05
114304 -0.200904 0.389163 -2.43804 1.17189e-05 1.79112e-05 0.000175807 -1.11659e-05 -5.0997e-05 3.78124e-05
114491 0.00719756 0.135842 3.8764 5.62827e-06 0.000194304 0.00110508 -1.33905e-05 0.000451727 -3.35278e-05
114489 -0.0363348 -0.19307 0.597285 4.37208e-06 1.52215e-05 8.02618e-06 1.25533e-06 -7.951e-06 -7.75643e-07
114552 0.0495188 0.0132567 -1.94887 1.21811e-05 5.18238e-06 2.85039e-05 -4.42558e-06 7.1992e-06 -1.41229e-05
114631 -0.00350322 0.122724 -0.230885 6.879e-06 2.09105e-05 7.90574e-05 -5.73743e-06 -3.51769e-05 1.19192e-05
114626 -0.48588 0.127457 0.600828 4.19133e-05 2.60239e-06 0.000111614 -7.15918e-06 1.16801e-05 -6.64551e-05
114710 -0.48588 0.127457 0.600828 4.19133e-05 2.60239e-06 0.000111614 -7.15918e-06 1.16801e-05 -6.64551e-05
114714 -0.0503821 -0.0430185 -3.85666 2.60249e-05 3.4185e-05 0.000959736 2.78874e-05 0.000176194 0.000152555
114748 0.187999 0.266396 -0.0788532 3.36325e-05 4.24739e-05 1.92785e-05 3.30745e-05 -2.12107e-05 -1.88894e-05
114969 -0.0200464 0.038083 -1.21641 3.5539e-05 2.54942e-06 1.00331e-05 1.71913e-06 -8.30878e-07 -1.37458e-05
114992 -0.0200464 0.038083 -1.21641 3.5539e-05 2.54942e-06 1.00331e-05 1.71913e-06 -8.30878e-07 -1.37458e-05
115129 -0.145209 0.0857969 -1.39887 3.11434e-05 5.68096e-06 8.21623e-05 -8.28674e-06 -1.35315e-05 4.66547e-05
115277 0.129188 0.0695506 -0.847929 2.01449e-05 5.69401e-06 1.48057e-05 4.76572e-06 -1.92527e-06 -9.54725e-06
115374 -0.0952185 0.136701 5.51235 1.55529e-05 1.29475e-05 7.47691e-05 -1.12666e-05 -2.64131e-05 2.99653e-05
115349 -0.00316693 -0.192881 -1.62826 2.81107e-06 2.77611e-05 2.82876e-05 2.0368e-06 -2.46461e-05 -2.08369e-06
115514 0.0592583 0.0311613 -4.89393 1.3959e-05 4.24327e-06 3.0524e-06 -3.43735e-06 -1.31367e-06 4.23058e-06
115610 0.085693 0.0418594 4.47351 9.24293e-06 7.00679e-06 9.7174e-06 -3.44037e-06 6.32962e-07 -1.11329e-06
115615 0.0104948 0.0279621 4.11998 5.42236e-06 2.14998e-05 9.81524e-05 -2.1664e-06 3.94522e-05 -3.35003e-06
115703 0.0104948 0.0279621 4.11998 5.42236e-06 2.14998e-05 9.81524e-05 -2.1664e-06 3.94522e-05 -3.35003e-06
115777 0.00885247 0.0494397 2.09341 1.20756e-05 1.7117e-05 8.51333e-05 -6.71893e-06 2.86538e-05 -1.90389e-05
115969 -0.0426396 0.0751211 -3.27546 1.67017e-05 8.9424e-06 0.000158192 -5.35207e-06 2.22548e-05 -4.07496e-05
115902 -0.010265 0.0496595 1.40716 1.33816e-05 5.60413e-06 0.000158642 -5.64733e-06 2.11144e-05 -3.99553e-05
116061 0.0815651 0.0114105 1.47932 1.30484e-05 6.33867e-06 2.13394e-05 -3.24605e-06 4.58282e-06 -1.14609e-05
116050 0.057954 0.111292 2.10183 8.12437e-06 1.69082e-05 0.000111849 5.11488e-06 -3.48522e-05 -1.63079e-05
116131 0.057954 0.111292 2.10183 8.12437e-06 1.69082e-05 0.000111849 5.11488e-06 -3.48522e-05 -1.63079e-05
116145 0.057954 0.111292 2.10183 8.12437e-06 1.69082e-05 0.000111849 5.11488e-06 -3.48522e-05 -1.63079e-05
116244 0.0748577 0.000107517 5.9152 2.13349e-05 8.51246e-06 6.13839e-05 -1.05875e-05 1.83699e-05 -3.25411e-05
116213 0.292357 -0.27069 1.53361 2.21266e-05 2.62783e-05 8.97605e-06 -2.29762e-05 1.23289e-05 -1.12642e-05
116267 -0.0305401 0.0430341 -2.30505 1.04924e-05 2.81816e-06 2.91332e-06 -7.11117e-07 2.69258e-07 1.25378e-06
116355 -0.0855057 0.208024 -6.79868 1.60044e-05 4.12181e-05 0.000474904 -1.80693e-05 -0.000127654 6.61473e-05
116390 0.0262154 0.0276707 -0.683731 2.15005e-05 1.26696e-05 2.41376e-05 -1.40621e-05 1.29048e-05 -1.74563e-05
116483 -0.0163889 -0.0271609 -3.37601 5.82638e-06 2.89098e-05 1.40378e-05 1.07379e-05 -1.84892e-05 -7.20575e-06
116765 0.072324 0.0908856 -2.43451 1.15794e-05 4.46959e-06 4.2485e-05 1.68477e-06 4.79744e-06 1.60486e-05
116722 0.072324 0.0908856 -2.43451 1.15794e-05 4.46959e-06 4.2485e-05 1.68477e-06 4.79744e-06 1.60486e-05
116817 0.0120156 0.0404907 -2.89827 2.07934e-05 2.99513e-06 1.49857e-05 -1.01631e-06 1.04426e-07 -1.11177e-05
116859 0.294419 0.196944 0.56576 5.2139e-05 1.15696e-05 9.26818e-05 2.31843e-05 -3.05346e-05 -6.71793e-05
116905 0.067076 -0.0123293 0.634312 1.36069e-05 1.40255e-05 4.53401e-05 -1.13441e-05 -2.09746e-05 2.06611e-05
116924 -0.00266445 0.0996779 -4.05454 4.07639e-06 1.1599e-05 8.37972e-06 -2.68768e-06 1.24917e-06 -5.63205e-07
116977 0.0297429 -0.0362214 -3.17229 5.79599e-06 2.57701e-05 4.72745e-05 -6.05472e-06 2.98481e-05 -9.0065e-06
117135 0.0297429 -0.0362214 -3.17229 5.79599e-06 2.57701e-05 4.72745e-05 -6.05472e-06 2.98481e-05 -9.0065e-06
117165 0.142534 0.0818757 -5.31207 1.39102e-05 2.65638e-06 9.06438e-06 5.85856e-07 4.21909e-07 7.86966e-06
117172 -0.133828 0.199849 1.6699 1.11403e-05 8.28152e-06 2.72242e-05 -5.99975e-06 -1.04655e-05 1.3027e-05
117213 0.0108775 0.0763974 0.127301 3.95588e-06 3.23856e-05 0.000117981 -6.4627e-06 -5.75928e-05 1.24969e-05
117290 0.0135243 0.0528286 -3.19444 4.81037e-06 2.17633e-06 1.17005e-05 1.05539e-06 -1.55945e-06 -4.3995e-06
117320 0.00061418 0.0852394 7.93404 4.30865e-06 1.79106e-05 0.000154411 -4.64704e-06 4.78453e-05 -1.41203e-05
117372 -0.0447724 0.0657354 -4.71797 1.85318e-05 2.21887e-06 2.89128e-05 -1.28448e-06 -1.71489e-06 1.74235e-05
117458 0.0760256 -0.0450543 -3.0637 6.96201e-06 9.301e-06 9.7568e-06 -4.15756e-06 -1.72296e-06 1.26449e-06
117637 0.062876 0.0294128 -1.06384 1.10341e-05 1.05875e-05 3.15171e-06 -2.98596e-06 -1.56189e-06 1.35147e-06
117795 0.262964 0.146889 4.58288 2.73047e-05 5.92489e-06 1.46023e-05 7.03438e-06 -3.57896e-06 -1.03717e-05
117701 -0.126972 -0.365424 -0.0680338 6.93746e-06 5.82699e-05 3.39794e-05 1.83353e-05 -4.1745e-05 -1.3474e-05
117887 -0.292249 -0.0045083 1.11335 5.65089e-05 3.32993e-06 0.000567319 6.62384e-07 2.1852e-06 0.000173905
117949 -0.362696 0.0359626 -0.0654237 2.0895e-05 1.45953e-06 0.000523109 -3.40264e-07 -1.69892e-06 0.000100273
118094 -0.223896 -0.0722136 9.63833 4.16385e-05 1.17605e-05 7.6755e-05 1.94763e-05 2.6205e-05 5.3364e-05
118003 0.0568495 0.0431185 3.63482 6.23391e-05 1.23326e-05 9.86363e-05 1.50913e-05 1.78146e-05 6.68043e-05
118154 0.0568495 0.0431185 3.63482 6.23391e-05 1.23326e-05 9.86363e-05 1.50913e-05 1.78146e-05 6.68043e-05
118137 0.00688957 0.0124609 -4.4027 6.07659e-06 2.67903e-05 7.12466e-05 4.4243e-06 -3.87654e-05 -8.13743e-06
118358 0.0532906 0.0418318 -5.28876 1.76062e-05 1.28247e-06 6.79015e-06 -5.9601e-07 -1.55231e-07 8.09138e-06
118399 -0.0909256 0.115283 0.967116 1.41295e-05 7.87602e-06 3.91044e-06 -9.48008e-06 3.09194e-06 -4.22548e-06
118471 0.00146979 0.135196 -3.27645 3.34847e-06 1.47127e-05 1.0486e-05 -4.27641e-08 9.29403e-06 -1.29663e-07
118533 0.0156438 0.0386753 0.701311 1.42297e-05 7.5634e-06 6.1145e-05 -6.16802e-06 -1.384e-05 2.33529e-05
118560 -0.664048 0.212613 -10.4034 0.000117789 6.4244e-06 0.00110043 -2.40864e-05 -7.39062e-05 0.000356113
118625 -0.0400192 0.029549 -1.92725 1.74848e-05 5.51757e-06 6.02845e-05 -6.17712e-08 5.27439e-08 2.50158e-05
118673 -0.0400192 0.029549 -1.92725 1.74848e-05 5.51757e-06 6.02845e-05 -6.17712e-08 5.27439e-08 2.50158e-05
118770 0.0376874 -0.0777751 -4.557 4.523e-06 2.67756e-05 1.12588e-05 -8.77894e-06 1.23019e-05 -4.32996e-06
118919 -0.0637236 0.0854622 0.814804 6.80752e-05 2.00547e-05 0.000339427 -3.01024e-05 -6.72849e-05 0.000139533
119096 -0.0637236 0.0854622 0.814804 6.80752e-05 2.00547e-05 0.000339427 -3.01024e-05 -6.72849e-05 0.000139533
119137 -0.0633794 0.0303662 0.521102 1.97787e-05 4.38163e-06 1.59336e-05 1.8069e-06 7.90157e-08 -1.60524e-07
119228 0.00519665 0.0413955 1.79461 2.29212e-05 4.72935e-06 0.00032454 -2.56962e-06 -9.40233e-06 7.74723e-05
119290 -0.48103 0.584519 6.14779 5.05137e-05 6.50934e-05 0.00169023 -5.64587e-05 0.000328504 -0.000288804
119299 -0.0165388 0.0301461 1.94082 1.91528e-05 1.17919e-05 8.06009e-06 8.82264e-06 -3.24608e-06 -5.66693e-06
119331 0.142916 -0.0717185 0.449053 8.57675e-06 2.11509e-05 1.18691e-05 -6.62773e-06 -9.30779e-06 4.73598e-06
119339 -0.00191732 0.0391338 2.6561 1.04394e-05 2.26093e-06 2.33357e-06 -2.91709e-07 -2.58227e-07 6.72136e-07
119410 0.0769062 0.0569382 3.04475 1.73956e-05 2.88596e-06 9.82438e-05 2.51261e-06 6.21996e-06 3.69371e-05
119699 0.0544107 -0.0433246 -2.87732 1.16483e-05 3.48905e-05 0.000255021 -1.55042e-05 8.76671e-05 -4.3564e-05
119652 0.0393608 -0.00716867 -0.779289 7.0538e-06 2.60217e-05 5.37754e-05 -5.57873e-06 3.2284e-05 -9.36221e-06
119753 0.00046272 0.0708728 0.190311 8.84922e-06 1.61038e-05 5.93236e-05 -5.67876e-06 2.44207e-05 -1.42502e-05
119722 0.329234 0.138785 3.12279 3.01958e-05 5.31359e-06 0.000106246 7.44294e-06 1.43188e-05 5.23251e-05
119771 0.329234 0.138785 3.12279 3.01958e-05 5.31359e-06 0.000106246 7.44294e-06 1.43188e-05 5.23251e-05
119998 0.0986315 0.194472 4.19655 1.28951e-05 1.65377e-05 0.000262838 8.48618e-06 5.31514e-05 4.33616e-05
